921
60468
8449
56244
267016
5747
8477
9517
10892
3112
554251
1145
10461
547
3394
353002
8740
868
359758
267015
79970
51062
8320
4280
3120
56169
100133941
253018
53832
1041
6565
5820
7917
5460
160365
1134
1591
64332
3132
116379
10665
3118
401250
3122
3109
6774
4277
5376
5341
23498
65125
717
2135
4914
170679
199
3087
23095
923
729816
117289
100130889
6148
3119
1786
3107
3575
54536
11262
10558
7412
4234
7132
2315
7148
7919
84769
10919
8518
677
100189469
2743
147
1594
148867
4855
4803
2741
5594
6891
629
131368
440836
3123
5796
221527
3127
644020
3106
54207
7936
5491
942
100131609
5428
3117
678
352997
10538
22898
387122
3593
4276
54806
2294
152100
5788
7916
965
116935
27120
3559
352961
