56244
723961
356
10019
9517
84162
80069
285834
10461
344423
5211
3394
353002
3304
326
100271600
100133941
394263
114904
100293534
375616
1041
6565
6048
2065
355
160365
1656
645950
6605
64332
55315
22925
29113
7185
6774
1285
5376
8341
5341
65125
717
56984
11277
729816
3516
100130889
54899
414777
55384
2213
23274
3305
3710
10558
7412
3976
7148
81797
10919
8518
23242
259308
54665
2743
11181
442257
148867
100189539
2741
629
721
115352
100271271
5966
1460
3106
2516
63940
3630
942
3684
678
1235
3117
400223
399
23569
919
84547
78994
51646
79692
147409
387117
965
80018
2113
921
639
11116
79722
5771
80760
84991
3112
1145
6941
51062
4280
4439
11118
56169
4758
5820
3132
6366
3122
4277
23498
55937
221584
135656
100271063
23095
923
720
6148
3107
5573
9474
399716
3575
54414
9374
6775
7132
3899
387046
80862
7919
84769
730070
474354
7128
150221
677
55423
147
7054
57827
200734
10125
4855
5796
221527
8870
57176
3127
7292
9844
121260
100270925
389203
3687
346171
100131609
7332
352997
780
80737
1512
10666
55024
54806
53347
449493
25780
152100
10255
8449
6231
5747
3075
554251
286016
10320
646702
868
359758
79970
267015
969
8320
4279
3309
3092
100189529
253018
53832
167826
81606
7917
115509
259197
1134
8897
26147
11170
55876
116379
10665
401250
3702
449492
3009
2135
4914
440387
117289
8859
696
6821
8935
430
11262
54536
4234
1493
5078
353011
407977
23534
164832
3172
1236
1594
349158
7253
4803
6891
5594
3116
55328
440836
3123
4295
644020
387103
54207
100130988
100270827
7936
5491
7741
5428
100271203
100129192
387122
64135
3593
7297
55584
5788
7916
60468
1234
267016
8477
23
3663
10892
267014
841
547
8740
139716
8635
3569
843
3120
10554
50943
22979
83737
283598
10340
7918
1797
958
4008
5460
1591
5133
3118
1380
64288
3109
26471
394254
1773
1504
170679
57661
199
3087
5696
3119
1786
11120
6927
64375
6665
26191
4795
6583
2315
6753
57705
150223
90355
4282
640
10318
8741
389715
100189469
388011
3586
3135
1997
131368
26797
9071
344462
29777
283165
83648
9526
246778
10538
22898
2914
190
80736
4276
29121
3481
6311
100130756
267017
2294
25865
116935
7100
57713
150280
27120
3559
6890
352961
169792
353006
