64840
405753
4853
50964
4750
860
150538
1513
4148
8074
2254
1299
1758
9755
6452
344423
8483
9241
139285
10584
10682
1277
267015
2690
9451
149233
196527
8540
391282
7227
390283
51059
4982
5352
4758
7421
121340
9658
5176
2688
22918
2132
2737
5251
60681
1435
1298
952
415
389434
1311
284274
8792
6777
7056
207
6528
389136
2261
4041
84572
8878
23046
1297
7080
9469
64175
7058
1387
9401
64327
100270956
5191
4055
4488
79659
729816
5728
50506
3107
4049
142680
2200
57192
79577
1836
2033
2778
132884
3339
23592
25949
1482
100507436
2693
8443
8022
59341
81794
2692
1161
3837
10758
2131
2697
23657
2074
1280
864
10085
5727
2263
8200
5447
5479
200728
9842
57539
147
9533
1594
79574
100129584
7040
10312
10491
7253
25978
4318
8600
100169835
7038
400867
3239
4591
79158
760
5966
10683
10678
1184
351143
100271278
3248
7474
7124
5167
6949
54510
5745
51082
28962
6399
120227
3593
3977
501
1186
205327
7291
2260
8481
10660
4276
652411
8675
392255
3844
54829
8820
871
2316
2121
169792
4313
51752
8707
10133
1278
