23209
23036
1373
5162
23064
2896
79809
3064
378884
6834
6323
5092
6658
9451
2592
4862
2717
2512
274
773
401884
583
9445
8912
203238
427
2554
5144
341
593
5664
123016
170302
146227
7957
2998
6898
65125
1378
23431
8892
8893
344558
5256
1738
11277
540
5195
79031
338567
51
95
3662
5308
8022
3073
2692
25902
100128646
3565
2731
2720
2670
80036
5264
6346
6712
56997
4536
3184
9108
26058
25978
5236
3736
84100
5009
4668
6335
51204
10404
2259
84059
9037
80704
8938
1352
4336
374291
55103
84660
5521
2580
2395
54840
435
9640
5828
2934
9570
285362
8195
7305
3748
27429
162540
63976
5053
54805
7473
9179
85453
130013
56979
1822
166336
2153
55775
27241
10528
4728
51435
27074
5830
4035
55737
4758
5932
56652
411
7157
8934
10157
952
3122
4973
283226
5173
5626
285513
5071
643680
4538
445
10020
29119
4724
23189
5091
926
2043
54209
4540
51338
8890
26503
6310
4905
6263
3897
23607
57674
6622
59
2517
66037
4864
79054
5354
23666
5836
4537
1181
1330
23345
442524
7054
10452
5160
55670
1981
6314
57465
728299
4854
57111
3786
5255
339761
275
25814
454
6792
92949
582
23636
644150
4508
3198
2147
55129
6403
472
23271
147081
5190
450234
3242
9627
132789
9811
1008
9211
65018
5824
1861
5257
10939
100271506
5192
25793
2563
215
2653
5261
253782
2997
2571
585
2688
4598
2737
348
1141
374654
729075
337880
120892
2629
1355
5583
157708
1135
64321
945
4723
646583
5819
55145
5080
54664
8398
1191
785
875
56922
154881
7345
2584
5860
90627
26766
400591
81615
1629
3074
129880
166379
5193
64231
4287
9131
79158
144165
4541
747
5189
5428
54903
100129583
2581
6507
6609
2041
2921
6101
340024
8504
1636
6389
5476
8820
114798
2548
23400
3785
23435
5654
83943
11315
80025
9846
1471
254428
594
950
6326
241
1495
2562
5582
3251
5194
3708
4815
8301
255928
538
1476
100270961
4535
1006
1137
338399
2582
1585
84572
5660
80184
5191
2566
10577
2565
84286
51205
57192
6239
8891
27072
2778
846
8622
1967
64374
2760
351
477
85300
55212
4524
91147
4137
339263
51057
10913
9409
114134
6908
1282
5224
79738
5621
2184
2542
51128
114327
4952
100048912
146057
410
10165
6311
10347
10895
1946
383
443
10228
22954
343641
9049
5663
