23209
79750
710
6662
652
64446
285834
58504
339829
154215
9722
27436
98
401470
92579
114036
2717
7134
10021
91653
100270844
79188
9445
9709
203238
4634
6442
84722
7048
29113
287
5144
51778
5664
341
65125
54986
1756
653163
6330
2266
10142
729816
79659
100130889
7414
100271596
8997
170690
51530
3662
6387
1482
5308
7809
81832
25902
9960
3565
83544
100128390
80036
8613
23293
1071
387101
6901
6346
129684
8777
3184
285829
2657
343727
7306
10866
5894
6335
7273
3106
340596
88
9037
3757
2070
56899
4624
3759
659
8938
375056
7804
9992
79660
353010
7021
4625
22822
64848
595
23171
284252
125972
2934
51196
50945
284217
2316
3920
1837
83478
520
54805
56979
10512
2153
55759
387119
10400
4000
3728
2022
4280
57158
11235
170680
1879
4035
22882
1281
5932
4094
83417
889
51422
4633
2890
4629
4973
783
85366
123872
84159
6943
5921
2243
4538
6148
3107
5573
1289
7092
80310
2043
4540
3152
3741
121536
6031
6263
27063
7046
80862
5444
57674
7247
59
66037
728553
25771
401237
153339
1330
2212
2099
131118
728299
4854
8870
7168
8658
28951
339761
340351
6640
780
55973
4040
3717
463
283849
8557
948
1909
2147
6403
472
28
401492
100130537
55109
10255
771
79614
1308
347273
143872
2161
70
1278
7405
3762
132789
7709
1674
1008
11285
55133
1832
217
4311
54984
1952
4893
100271506
353007
5294
57608
267015
4089
4978
149233
6331
128609
4205
4878
677828
4340
5351
3827
5781
253018
387882
55172
3781
7917
7112
221692
348
729075
337880
10371
55800
2261
673
51741
10529
128611
8701
5583
157708
286144
23768
5054
25871
64321
490
151126
646583
6597
84441
29761
4646
51305
353011
2006
2697
7547
80896
153090
3431
56996
100270983
340198
11245
7428
5350
283652
55997
63951
1767
90627
26766
6324
23007
4607
400591
3988
368
6262
3753
9509
503648
84439
80271
79192
729992
94
3077
4541
183
100271434
4018
345895
255738
57057
390345
7905
120114
113189
3784
387122
2160
2581
79822
100147818
2921
6101
83605
1636
6389
392374
11173
9452
91461
282996
26031
4626
5654
6736
137814
4853
267016
1829
7137
7369
29994
1471
144638
51438
1277
23294
241
4638
5629
23022
54535
1495
266722
10060
2626
85397
6899
4048
4815
2702
100270961
4851
4535
285600
57172
25903
55801
49855
1723
23302
1284
54880
775
23414
3595
11278
170679
100131893
91624
3458
100130239
153020
2565
65264
51205
78987
7139
51314
441525
2200
55036
1824
27072
347704
8622
11216
182
100270908
5318
351
201456
100271444
4838
10008
6444
23522
6261
10743
100127911
79934
143098
9531
859
5593
7015
4524
55521
11155
8048
169044
1804
100147745
3586
84898
3135
221421
3782
1282
25817
3667
23389
51128
3845
168455
51320
57118
8882
814
100048912
1290
4088
27019
2218
7468
4276
6654
10151
10895
1946
1874
5340
116935
22808
352961
55742
5663
