639
9555
7850
4072
11315
3663
4595
652
57154
657
3394
124626
4089
2615
140717
64170
149233
54535
2668
728010
391282
4485
257177
7227
23252
375616
1499
8313
5307
167826
120400
4763
5606
7422
8209
120376
7048
11221
100271520
3132
6447
3554
55876
150962
5979
402569
2768
4522
220959
207
4292
127281
673
8771
54361
1910
1908
26585
5734
23308
5462
653437
3084
100271063
4046
3458
1738
2308
1001
8929
55892
100271596
3911
644540
3575
2778
466
55765
2042
4436
8667
1611
7486
5290
10171
159296
7128
57609
51750
3172
324
999
147
3586
2212
219771
343727
6581
3579
401475
400867
56946
3127
4512
2956
8764
55722
9923
5157
728615
4088
3717
327
3593
146198
27030
221416
5395
1601
3577
4092
57511
2294
100129306
85415
2805
1811
2859
9966
650
2835
79695
8927
643503
54546
400935
6550
862
8204
