120
9517
79809
6662
64446
81839
26277
7051
79955
51324
6452
339829
1959
3849
3861
3655
641
92579
81846
493856
2668
65217
26839
7490
10397
286077
583
79188
5307
6496
136647
1287
3295
81857
7048
57716
287
123016
170302
1285
5376
1641
6495
65125
6330
10142
55505
79659
5317
5728
7508
5195
8626
2033
60675
3918
10558
1584
7476
124590
1482
4552
3315
83544
54507
404672
9907
8518
5264
2263
6901
2312
1292
10083
22948
3914
2657
5631
84100
59344
8898
79840
5894
7401
9420
84059
3757
2516
9126
4624
3759
11005
7840
9992
5649
7021
7291
7050
2018
6716
3872
4239
5828
7020
50945
6663
2316
8195
1837
147381
64840
6469
26154
9215
4750
50937
1286
5339
4548
224
3236
79152
4000
3728
51062
3293
27241
2022
11235
1294
56169
5830
1717
1281
4653
5820
51422
64072
4522
207
123872
2138
2736
3084
412
64327
5921
23095
2617
4488
3853
57698
8929
5573
1289
7092
7846
27063
3897
7046
4867
3798
1545
2074
1280
5354
8517
269
268
55651
9516
4920
9533
64324
55670
1896
55640
54332
3239
1302
50846
7466
10683
1785
5818
7249
2072
6640
3858
4747
284654
582
2260
8481
10585
5077
392255
147912
6687
5190
1308
2121
6299
70
1278
7405
3762
11285
79147
3892
1832
5824
2254
57194
6770
4893
4627
5192
4214
26353
4089
5048
8320
6331
3679
4359
5351
64093
3827
5781
55172
3476
3284
65055
585
7879
2737
9897
1291
5979
374654
3691
84733
3868
2261
673
1910
4914
3854
9401
1387
8701
23503
6657
2071
25836
5784
1736
123606
1293
8243
5080
59341
2332
2314
2697
3909
7547
128674
6862
1589
5727
4990
55997
1767
121512
9896
368
3753
9509
3640
6262
129880
166379
4803
122042
5193
94
80208
144165
9496
1778
345895
57057
6949
643418
10117
2705
113189
54903
3784
55636
1834
126410
3664
79628
8988
83605
8504
2492
242
4204
8820
265
4626
6736
342808
137814
4853
10908
1829
9990
3329
2073
860
6591
547
9241
338917
3848
8139
1277
7399
25861
2626
4647
6899
1643
26580
23314
57165
3730
347733
3643
1723
80781
54880
9622
775
118813
9927
4281
7546
1908
23414
4010
80184
3887
5191
7248
7337
10804
1786
78987
1028
51314
2200
55036
117581
3889
1824
80326
157570
132884
182
5429
5318
81794
80144
4838
1161
7849
139189
10743
55212
339210
55135
8241
859
3735
7015
8200
4524
5447
91147
988
57539
51057
1747
9197
2253
9289
2334
10913
9409
367
221421
54820
6683
57190
79738
4487
11023
27042
23389
3265
3845
9313
2068
7507
51082
1586
8565
4952
1290
4088
4286
10564
3852
128178
27019
190
2218
16
3481
6654
4792
5184
341640
23111
57514
22954
4313
