2113
639
56244
79722
267016
11285
23
80760
1286
3663
3425
3112
267014
3423
285834
6941
4893
344423
4627
5211
286016
3394
10320
1277
267015
3569
4439
3120
10516
326
11118
1294
3309
3092
394263
100189529
5351
5781
2990
100293534
375616
5352
1281
121340
167826
10340
411
5176
7918
1287
1797
958
7917
60681
30008
115509
1656
645950
259197
26147
11221
3132
29113
5133
11170
6366
10665
3118
1380
64288
3122
7185
1285
4277
8341
673
717
4041
23545
4669
55937
3009
394254
221584
4015
1773
5831
170679
57661
135656
729627
64175
11277
720
3516
729816
3119
54899
2799
414777
9474
6448
2200
8859
696
1289
2213
11120
6775
23592
26191
4795
138050
6583
1493
7148
81794
57705
3899
90355
4282
387046
401089
353011
4734
2006
640
10318
730070
474354
81797
875
389715
7128
10919
2720
23534
150221
164832
259308
54665
5479
4920
11181
368
9509
349158
3135
200734
10125
10491
100189539
4855
1997
629
721
3123
115352
221527
8870
5966
1460
5894
57176
3127
7292
9071
344462
3106
29777
121260
100130988
389203
3373
3687
100270827
283165
63940
3845
83648
7741
100131609
2588
7332
3684
1235
113189
3117
780
1290
728615
387122
100129192
23569
91
4276
100130756
6654
55024
84547
919
78994
2294
3113
25780
3115
7916
79692
7100
57713
871
387117
3559
352961
1278
