60468
639
11116
8863
144811
80315
647215
283234
356
544
8477
5771
284358
1788
10320
91272
124626
2615
10067
64170
85027
149233
100271600
56169
56301
728010
8453
4485
55054
91975
55600
10221
54901
5820
64407
8209
55876
150962
5155
6774
120892
134288
56984
63027
5734
23046
23308
100271063
1201
117289
64167
359779
2646
11262
56677
63892
134008
6354
100271305
25824
26191
8995
3976
157638
339479
163486
10171
159296
677
6304
345611
253430
80762
147
3586
84619
1050
8600
343727
8807
5334
22891
84624
56946
441108
100130988
100271352
326275
746
7332
6122
2524
3717
4088
3593
7297
2297
57178
1601
2805
9966
8927
3559
6347
64127
8204
131096
