60468
8549
136259
1234
56244
723961
6231
4853
10019
5771
84991
84162
80069
3112
3636
3557
58504
6480
166336
10644
10296
283460
22837
168850
388125
253013
10253
139716
57104
267015
3304
969
4439
3120
10554
22979
493856
8462
100271600
266722
677828
5122
114904
283598
4758
128486
54901
4535
285600
6928
204010
1797
340598
6048
7422
4008
2065
7917
643550
3643
6605
55315
3132
10239
55876
5144
56999
10665
645345
3118
10363
3767
3122
3109
4277
26471
94241
717
56984
10529
54469
1504
145741
100271063
440387
3087
5696
100130239
54602
6890
729816
729611
3516
3119
3107
2745
55384
5937
100271597
389840
256297
89822
8859
399716
6821
8935
135154
430
23274
3305
54536
7103
79068
339799
57624
63892
23101
6927
55323
9374
8622
64375
8567
26191
3976
1493
7148
6753
5078
5789
5444
640
7919
9905
9223
9479
23242
11132
54665
63951
30011
60685
3172
55423
388011
6648
53335
1236
6833
7054
3586
57827
84898
442257
116985
83795
6934
22836
4855
6891
4760
63826
55328
629
9055
3123
340460
221527
100271271
115352
8872
7466
26797
3077
3127
3667
644020
5506
4544
387103
100270925
389203
1852
100270827
2184
346171
5491
5167
3630
100131609
2888
57118
6517
79571
378805
100271203
3117
221895
246778
400223
3784
64135
9370
7297
80737
1512
10666
80736
4276
29121
3481
267017
53347
169026
3651
5184
9861
9559
1636
7916
25865
116935
140902
3559
352961
169792
80018
8638
