60468
1234
56244
723961
6231
10019
5771
84991
3112
80069
84162
139716
267015
3304
969
4439
3120
10554
22979
493856
100271600
114904
283598
4758
1797
6048
4008
2065
7917
6605
55315
3132
55876
10665
3118
3122
3109
4277
26471
717
56984
1504
100271063
440387
5696
6890
729816
3516
3119
3107
55384
399716
8859
6821
430
8935
23274
3305
6927
9374
64375
26191
3976
1493
7148
6753
5078
7919
23242
54665
3172
55423
388011
1236
7054
3586
57827
442257
4855
6891
55328
629
3123
115352
221527
100271271
7466
26797
3127
644020
387103
100270925
389203
100270827
346171
5491
3630
100131609
3117
100271203
246778
400223
64135
7297
80737
1512
10666
80736
4276
29121
3481
267017
53347
7916
25865
116935
3559
352961
169792
80018
