8549
136259
4853
3636
6480
10644
166336
10296
283460
22837
168850
388125
10253
57104
8462
677828
5122
128486
54901
4535
6928
204010
340598
643550
3643
10239
56999
645345
10363
3767
94241
54469
145741
3087
100130239
54602
729611
5937
100271597
89822
135154
57624
54536
7103
63892
339799
79068
55323
23101
6927
8622
8567
5078
5789
640
9905
9223
9479
11132
63951
60685
3172
53335
6833
83795
116985
6934
4760
63826
9055
8872
7466
3667
5506
4544
1852
2184
5167
3630
2888
57118
6517
79571
378805
221895
3784
9370
7297
169026
3651
5184
9861
9559
140902
169792
340460
8638
