57509
672
4072
51201
222643
4595
217
652
347730
657
6392
571
267015
4089
675
843
23022
1452
3659
7227
1499
8313
4763
5606
7157
120376
7048
11221
6447
80724
5144
5979
3118
10391
4522
220959
100271015
207
4292
63877
673
51741
8312
26585
79728
3815
9940
11278
5462
5562
23095
6391
26137
3119
55892
3911
100271596
647201
283450
644540
57497
6927
2778
112744
4293
8125
466
6049
8667
2042
4436
11178
7486
5290
861
2272
1316
2064
125
57609
2494
6390
4233
324
999
1033
2834
6581
401475
25817
5156
4512
2956
387934
3845
11200
7031
5157
728615
4088
27030
5395
1601
4276
4092
28
85415
51196
650
79695
643503
862
7032
