57509
8863
283234
356
120
544
7850
51201
10019
431704
84162
652
284358
347730
1788
657
3394
4664
64939
1056
100271600
3558
2668
56301
26839
728010
29117
4485
375616
91975
5307
120400
5606
65992
2829
7048
1656
64241
359750
3554
80724
5144
402569
6774
5341
56984
9940
653437
388722
2746
2235
1738
64167
540
359779
100271596
283450
5195
23274
6354
116028
3976
8125
5290
10171
1316
2064
2720
864
85407
4481
253430
343727
401475
56946
3704
3117
27030
2297
5828
100129306
51196
9966
282617
8927
2316
100129176
2113
639
5243
11116
5771
2153
6689
91272
571
124626
1230
2615
389015
140717
675
56169
3659
8453
55054
5830
8313
10221
54901
91828
5205
5996
5820
133688
64407
7157
120376
8690
100271520
3132
150962
3930
5155
4522
100271015
207
134288
63877
8312
26585
5462
100271063
3084
133690
5562
23095
1001
8929
3911
2646
3575
57497
63892
9173
25824
9681
157638
7132
100132382
11178
861
7128
643
115908
210
677
57609
2494
6390
4233
147
2212
55670
64240
6581
8807
400867
5796
3127
9844
4512
55722
746
7031
7332
3030
3717
1601
3577
84701
4092
5244
28
2805
5190
53942
650
2835
54546
212
1371
6550
10477
51008
64127
8204
6299
862
7032
9555
144811
80315
647215
672
4072
1080
4595
217
5824
944
6392
5192
10320
359758
267015
4089
10067
149233
1452
25769
391282
257177
6690
167826
7422
11221
6447
55876
5979
5898
10391
2768
120892
220959
4292
8771
673
51741
54361
1910
5734
63027
3815
23308
29851
6657
10018
6391
26137
117289
647201
1233
644540
11262
134008
100271305
5644
23406
8995
25949
112744
1493
466
6794
6049
339479
55765
2042
8667
7486
159296
3431
23534
4613
3676
6304
345611
387495
3172
324
999
6833
1033
2834
1050
8600
4026
3579
5193
3123
5334
22891
84624
3077
5156
100130988
11200
57057
9923
50863
3593
146198
7297
221416
57178
51074
5395
64224
4790
3113
8504
3115
11273
79695
5890
51300
60468
4853
647076
22806
8477
11315
222643
3663
57154
3145
8647
100270859
57396
843
85027
64170
3120
23022
54535
51119
266722
4126
23252
7227
5619
1499
23228
55600
1803
4763
7389
8209
3643
1723
3118
282616
3588
127281
79258
1908
79728
91526
23046
3595
1201
11278
4046
3458
2308
3119
55892
2903
100271531
100132286
56677
6927
2778
59067
182
26191
1890
4293
4436
1611
3587
163486
2272
125
51750
3592
80762
3586
9409
5498
84619
8986
25943
25817
441108
100271352
2956
387934
3845
8809
85480
8764
326275
4650
5157
100129017
6122
2524
4088
728615
327
11231
5265
10165
6311
4276
57511
57707
2294
85415
1811
2859
57514
643503
150280
400935
3559
6347
219771
131096
