56244
723961
10019
6662
80069
84162
285834
58504
6480
388125
6658
3304
493856
326
100271600
394263
7490
114904
2798
204010
3295
6048
5172
2065
6605
55315
29113
5144
1027
717
56984
54469
54602
729816
3516
50506
2745
55384
5937
389840
89822
79577
23274
3305
60675
3710
1584
51
3976
7148
1482
7809
8022
2692
5290
9905
9223
79983
9479
2064
23242
135935
54665
30011
3973
53335
442257
2657
84634
629
7038
115352
100271271
8872
4544
2516
7474
5167
3630
57706
213
6517
3117
400223
399
6716
1188
3651
9861
595
3232
80018
5889
11116
405753
9247
5771
84991
3112
166336
22837
571
3293
2690
675
4439
3231
56169
4758
128486
54901
4094
6928
5820
340598
7157
643550
54796
4254
3132
56999
3122
4277
207
5626
6528
94241
63877
3758
5071
100271063
6890
3107
100271197
5573
399716
135154
63892
9374
6557
2252
84312
80862
5444
7919
269
2494
268
11132
55423
10232
7054
57827
22836
4855
9055
221527
50846
7466
3127
100270925
389203
346171
100131609
440574
2888
7031
284654
80737
1512
2260
10666
1601
53347
169026
28
81848
140902
340460
7032
8638
8549
578
3762
6231
672
3636
3557
81037
1187
10644
6770
7068
646702
4214
10253
57104
267015
4089
969
286749
215
4978
4279
677828
5122
3284
2688
7422
7917
10239
55876
645345
5979
10665
5892
84733
6777
8086
10529
7080
145741
440387
1761
729611
647201
8859
6821
430
8935
54536
339799
51079
112744
1493
2693
59341
5078
2332
5789
832
9210
4221
128674
1589
55997
63951
3172
6648
999
1236
6833
2834
3640
7253
6891
55328
122042
3123
4295
3077
644020
5506
387103
1852
100270827
1730
5491
100271203
3784
5741
64135
9370
55636
7297
2492
1636
55584
7916
8820
79887
23405
256297
6736
136259
60468
1234
137814
4853
23
668
196951
55729
10296
283460
168850
253013
139716
8635
3120
10554
23022
22979
8462
266722
83657
6899
1499
283598
4535
285600
3730
1797
4008
3643
3118
10363
3767
389434
3109
392371
26471
1585
79728
1504
11278
3087
5696
100130239
3119
100271597
57624
7103
79068
23101
6927
846
2778
344018
8622
64375
8567
55323
26191
6753
640
7849
51562
7015
8200
60685
80762
388011
2253
3586
84898
367
116985
83795
6934
4760
63826
22800
551
25817
26797
3667
344462
3265
2184
387934
57118
79571
378805
1586
221895
246778
2914
190
2304
80736
4276
29121
3481
26012
267017
5184
9559
25865
116935
9049
3559
169792
352961
353006
