4935
2978
84839
7287
83394
4539
285834
58504
728402
79955
1421
10461
57094
57369
3859
9451
55605
493856
65217
92211
6094
394263
90167
360023
9709
375298
6048
388939
83552
29113
123016
5309
717
346007
729816
100130889
29914
55975
2780
5923
7099
3710
3662
124590
7148
23746
402184
2979
4016
54507
11234
5145
1071
1292
84233
10083
84343
84062
5978
4536
3850
285829
84100
629
7306
115352
10866
1420
7401
3106
84059
3299
2301
4336
1409
7840
399
3000
2700
5995
353010
24148
6663
10133
5158
3420
11116
9215
22999
6103
8842
220202
4280
3080
170680
145226
4653
56652
5146
1258
611
64072
26504
81494
6499
54499
858
8224
55812
1001
4538
6010
6148
6121
3107
926
4540
4909
390616
6102
388552
3257
80862
5444
4867
1545
2074
1280
79803
9129
440270
3614
83872
64221
6935
221527
3426
1302
8870
57167
7466
343035
5961
4512
1259
51151
780
130557
10585
4508
23020
10255
80122
4117
26258
79147
3075
4166
1406
343450
762
646702
353007
3791
267015
149233
114902
10516
4279
11232
3679
441726
4340
4359
253018
80207
22930
259266
7422
1291
10665
5956
291
729075
7439
54714
728458
10529
5148
1524
10210
50939
5925
8859
8546
24
1293
1493
5080
4514
353011
84146
340198
118663
2652
4990
3990
10594
7253
4295
4541
5156
1123
7045
7936
169522
4519
768206
5428
57096
89781
6295
387122
221416
50484
6100
59338
3664
6101
83959
55584
778
4285
7299
93589
718
200576
60506
5654
1634
267016
23
668
1471
8754
338917
8797
25794
8635
7399
10554
25861
54535
266722
4647
2165
4535
285600
6785
1797
26121
10002
3118
8322
1121
64218
170679
3595
4901
9094
80184
3119
2200
4942
84140
10877
81794
4284
80144
3078
6261
100270952
23418
81579
4976
6247
4137
30813
221294
3586
5149
84898
1261
3135
79947
9227
3769
57190
387715
344462
1296
857
4948
100048912
4286
80864
2914
2218
134430
4276
7078
10228
341640
5340
116935
167691
6017
352961
353006
