5889
6736
112817
672
100130338
90859
3075
11112
7369
5076
668
1286
554
3751
3232
6662
2271
4437
26957
4306
5824
23466
8074
3557
1758
4643
1471
1187
6770
4627
6524
5192
55589
5314
4214
116448
254778
3293
11281
6092
675
525
4978
4868
27241
4179
100270916
6338
57531
286749
58500
3231
493856
56169
5311
7490
100271091
23512
5830
1499
56965
7421
1803
8542
54901
3284
9658
3730
5820
23780
6928
1287
51422
3295
22918
7422
5251
8897
7827
54796
6582
22925
728409
81494
8082
65266
4841
10665
3118
1729
5892
449492
3939
1285
84733
284274
7056
207
4292
2261
65125
2152
3758
84902
2056
57619
6744
55193
256356
5071
5462
6559
8416
6909
29851
5696
9027
1060
401145
5728
3119
64423
5925
100271197
2646
142680
389840
23635
5195
126969
7092
11136
60675
8626
29107
6340
63892
204474
344018
10
9603
6665
1584
6557
8000
23607
7809
359
4436
2332
6337
898
79663
9210
407977
5290
200420
646195
8741
79983
139189
269
2064
185
2034
128674
7428
3709
1589
4968
8395
57575
84925
100270946
268
135935
9153
201163
4233
158222
189
81
30011
988
11236
6648
4920
10232
999
346711
4609
3973
1594
2253
6781
9409
367
55670
10312
6262
10460
60677
6569
11122
4855
4760
3116
117583
629
23562
7225
7903
5193
3123
3426
353329
286097
760
22800
551
7466
3077
50846
10863
6563
26011
55686
116093
183
7030
340895
403301
6514
1184
28991
5546
3265
2956
2516
1730
5167
57706
23362
9526
200315
8029
79058
100271209
4603
1586
3031
79611
221895
3117
4952
284654
128822
100048912
100271317
8661
6421
4257
120227
5972
6519
55636
221416
2260
190
8671
949
6716
3913
1188
100147821
5828
340024
83636
2628
56311
449493
9380
26281
8504
2492
1636
5190
51196
595
7029
51071
10255
29956
55214
5310
6521
150280
390218
718
23405
80832
7312
5800
50617
