112817
90859
3751
6662
8074
5314
525
4179
6338
493856
5311
7490
23512
9658
1287
3295
22918
5251
7827
22925
65266
1729
1285
65125
6744
5728
154288
389840
5195
60675
8626
9603
1584
7809
5290
79983
2064
100270946
135935
30011
3973
4609
219736
60677
629
353329
760
26011
10863
55686
340895
28991
2516
5167
57706
4603
3117
120227
5972
949
6716
1188
100147821
5828
83636
9380
3232
595
51196
51071
390218
7312
50617
5889
1286
4437
4306
23466
3293
11281
675
27241
3231
56169
2990
5830
54901
5820
23780
6928
51422
7390
54796
81494
284274
207
3758
2632
2056
57619
5071
5462
6909
1060
100271197
2646
142680
126969
7092
11136
63892
29107
6340
204474
26503
6557
3039
23607
6337
898
79663
646195
269
2034
268
201163
4233
158222
4920
10232
55670
10460
11122
4855
3426
50846
7466
6563
7030
6514
1184
200315
3031
284654
128822
8661
2321
2260
3913
449493
5190
29956
10255
80832
5546
672
3075
5076
2271
5824
1758
3557
1187
6770
4627
6524
5192
4214
6092
286749
4978
4868
58500
57531
100271091
56965
7421
3284
7422
8897
6582
728409
8082
10665
4841
5892
449492
84733
2629
4292
2261
6559
29851
9027
5925
2332
9210
407977
128674
7428
3709
1589
8395
57575
84925
9153
81
6648
999
1594
6262
10312
3116
117583
5193
3123
286097
3077
116093
183
403301
1730
8029
79611
100271317
6519
55636
221416
340024
2628
26281
8504
2492
1636
7029
5310
6521
718
23405
5800
26957
6736
100130338
11112
7369
668
554
1471
4643
55589
116448
254778
100270916
1499
1803
8542
3730
3118
3939
7056
2152
84902
55193
256356
8416
5696
401145
3119
64423
23635
344018
10
6665
8000
199713
359
3040
4436
200420
8741
139189
185
4968
189
988
11236
346711
6781
2253
9409
367
6569
4760
23562
7225
7903
22800
551
3265
2956
23362
9526
100271209
79058
1586
221895
4952
100048912
4257
6421
190
8671
56311
55214
150280
