4935
1675
2978
710
112817
1373
84839
2189
7287
5162
356
23064
6165
254065
9517
83394
4539
28976
3064
64446
378884
8074
6834
84871
40
26277
7051
546
79955
51324
10461
5092
57094
6452
657
6607
339829
2815
3859
1959
5314
3849
2244
3861
6658
686
6201
3655
525
5624
81846
6338
2592
286
493856
2290
65217
92211
2717
6094
7134
7490
10397
10021
1509
773
6496
4688
136647
335
23218
4634
375298
6442
427
2035
5251
81857
388939
30008
7048
355
57716
127534
2038
593
65266
51778
1729
123016
1027
170302
146227
7957
5376
2318
1641
2998
116519
6495
6898
65125
4041
4669
5289
4015
1756
346007
2266
114548
5256
2235
2155
1738
6535
7117
55505
5317
5728
29914
540
8106
50506
7414
55975
2799
10555
6448
7508
5195
4014
8626
2033
60675
2664
7450
3918
10558
1584
284119
95
51
124590
1482
8443
3073
3315
1144
2131
83544
2979
6125
404672
9907
11234
8518
2731
2720
2670
5264
27032
5145
1741
2263
79796
6901
6712
2312
84233
1292
65109
10083
22948
56997
3914
84062
84343
4536
7040
3850
229
2657
1203
5236
5631
84342
84100
3736
7038
7306
59344
56946
5009
760
8905
8898
7401
9420
6335
7273
51204
7555
6197
84059
2639
2259
959
9126
7474
2683
4624
5167
7592
1352
139363
1536
374291
55343
11005
5456
213
7840
3000
120227
5995
5972
5649
5521
7050
4625
2395
54840
919
9382
435
8291
3872
91869
9640
4239
5828
5837
24148
84061
9380
23171
125972
7020
9570
285362
871
1593
3920
1837
3748
2178
50617
5889
64840
5158
6469
3420
405753
26154
5053
9215
10075
50937
6567
3690
10195
3425
10661
22999
4306
10479
1145
5339
166336
29954
6103
2153
847
5213
3236
224
79152
8842
2623
4000
6446
1760
55775
51062
2615
11281
2690
675
27241
10528
57158
8242
1294
4728
8540
1140
5830
2990
1717
1281
4758
121340
145226
3098
26119
56652
411
100505503
5176
51422
5146
1807
4633
1258
7390
7157
8675
10157
64072
24140
26504
3930
3931
462
783
85366
5173
19
7443
6528
123872
2632
5831
2138
2736
64175
412
1828
55812
23095
2617
2243
4247
4538
445
6010
3853
10020
7102
6121
142680
5091
5373
1289
7092
11136
2895
7391
4540
6340
7846
26503
6855
825
6310
186
3039
3897
6102
388552
6337
3257
7046
2517
2159
4867
3798
2074
1280
79803
4864
9129
158866
5354
8517
5836
210
4537
6708
5095
201163
23345
3614
55651
9516
7036
4547
8813
64324
5160
55670
4983
1896
1244
10491
1029
6314
6935
8573
4154
54332
4854
54657
1302
34
79783
57167
55065
7168
1785
7466
5818
7249
5961
5255
1180
6514
1184
3373
4512
275
25814
1259
2072
2588
3857
3858
2176
4747
2538
51151
488
27329
4593
37
3998
57152
149998
5913
2260
8481
90411
130557
8557
10585
147912
4508
1806
948
6687
79087
55129
2147
3561
472
114182
5871
3141
5190
23230
23020
3242
1308
2121
212
1371
2158
2161
1278
70
8292
146059
4117
27034
6231
26258
11285
2010
79147
672
3075
6014
4072
4166
3892
10159
1080
1406
1832
4595
5824
1758
9733
57194
1861
5257
6770
6524
10939
762
5192
6606
9499
26353
4089
5048
284382
215
2653
2055
6331
10516
57531
3679
4359
5351
2203
3827
5261
2177
55172
26260
3476
7421
256471
3284
80207
4513
2706
65055
7536
4598
2997
7879
1075
9897
1134
6229
91949
348
1291
55624
440138
57817
5979
56606
6223
3691
5892
6135
3702
7439
3868
728458
55800
2629
6777
4292
2261
23545
10559
4914
3815
7841
1355
3854
5148
6559
7080
9401
1387
8701
23503
338376
10210
7454
2071
25836
50939
1736
8546
4125
4723
10084
24
2707
1893
359775
10128
123606
5063
1293
7552
138050
8243
55145
6794
23096
2693
9782
54658
51251
6204
2332
4351
59341
5080
4514
8398
2109
2006
785
2314
3909
7486
4221
2182
6341
7547
875
27286
154881
128674
1589
2245
2187
11127
5350
5727
2652
249
55997
5479
9459
2584
5860
1767
6324
324
2273
4607
121512
1594
3988
9896
368
10594
9509
10312
1629
344
3074
7253
7504
4803
4507
5193
79667
4287
4591
79158
80208
3077
144165
9496
23224
1778
183
4541
1798
1123
345895
7045
747
4519
11200
255738
643418
5189
2705
4023
768206
29929
57096
5428
89781
6295
113189
2812
5538
2160
2581
6507
55636
6519
8450
51074
6100
5395
6609
126410
6101
79628
8988
3291
340024
22845
83959
91056
8504
4771
1636
778
242
7299
6389
5476
4204
114798
2719
2548
641339
6521
55215
200576
4069
6611
11141
54875
5654
6736
4210
137814
1634
4853
10908
3674
83943
7137
57502
7369
2108
6218
668
3329
2073
80025
1513
3145
3423
51114
1471
841
1103
547
8754
10466
3848
594
8139
25794
1277
7399
950
843
2110
25861
50943
5582
3251
493753
4126
175
5194
4647
653361
6899
3708
1643
26580
5352
5017
255928
338
538
1476
10483
2165
57165
4535
4763
9997
3730
9968
7389
2132
60681
3081
3643
1723
23133
775
116442
26121
10002
85365
57477
35
148738
389434
3939
118813
2582
1340
4281
9927
7546
1121
1585
64218
84572
5660
79728
257397
1201
53940
4901
4010
9094
91624
1497
25839
3887
5191
7248
388698
10577
7337
79053
10804
1786
7139
51314
118429
2200
1028
100132286
116085
57192
4689
4942
55036
55120
117581
1200
3889
80326
84140
2778
132884
8622
182
64374
5429
2760
81794
4436
9180
3040
1161
10008
6444
36
185
2892
3028
10743
56052
2539
23418
55135
3043
859
4976
3735
7015
8200
5447
189
8048
30813
54982
91662
347344
9197
2334
2253
10913
9409
3949
5498
367
79947
2157
6329
6569
221421
285489
6908
54820
28956
6683
57190
5224
9203
4487
5621
7276
178
779
857
2956
2542
3265
2184
2175
51128
1296
203859
2068
9526
5096
7507
4948
8565
1586
6443
4952
1290
4088
4286
3852
128178
27019
146057
80331
2218
16
410
8671
5265
3860
10165
3481
6311
4792
6710
5184
6445
443
383
23111
57514
2162
6017
22954
7319
343641
169792
4313
30061
