51312
578
5010
94274
58472
6662
8673
26579
81037
55729
84790
55190
2048
196374
653268
638
7399
3655
54535
54790
23301
728484
50805
2255
6928
6582
3817
4254
6580
646255
389136
84075
219931
11278
5462
1761
100270871
4477
7337
5728
122525
6498
354
430
2677
63892
6041
4601
60678
1293
10611
157638
100271222
100189492
1316
4824
100128390
222546
401237
2263
5630
7015
100271372
253461
4481
80762
60528
3973
4609
7054
367
4983
25978
80319
6581
401475
340602
5305
8193
387934
11200
22853
80031
22834
79083
137868
391679
402123
81848
79887
23405
153572
