51312
578
5010
94274
58472
6662
8673
26579
81037
55729
5192
57055
84790
55190
2048
196374
7399
653268
638
3655
9651
8653
54535
54790
23301
728484
50805
2255
8287
6928
117155
6582
3817
4254
6580
646255
389136
84075
219931
5462
11278
1761
100270871
4477
7337
5728
122525
6498
430
354
2677
63892
6041
4601
60678
10611
1293
157638
100271222
57054
100189492
117144
57135
55170
1316
139189
4824
100128390
140885
222546
401237
2263
5630
7015
100271372
253461
4481
55423
80762
60528
3973
4609
7054
367
4983
3640
25978
6660
6581
80319
401475
340602
122042
5305
8193
387934
11200
22853
359941
80031
1617
22834
79083
137868
161497
391679
402123
2492
81848
79887
23405
153572
