60468
8549
136259
1234
56244
723961
4853
6231
10019
5771
84991
84162
80069
3112
3636
442117
6480
166336
10644
10296
6524
283460
22837
168850
388125
253013
10253
139716
57104
267015
3304
969
4439
3120
10554
22979
493856
8462
100271600
441726
677828
100270950
80059
7227
5122
114904
283598
4758
128486
9709
54901
10221
4535
6928
204010
1797
22918
340598
6048
79635
2065
7917
4008
643550
3643
6605
55315
3132
10239
55876
287
5144
56999
10665
3118
10363
3767
3122
645345
3109
4277
26471
116519
94241
717
56984
100270938
54469
1504
145741
100271063
440387
3087
5696
100130239
54602
6890
729816
729611
3516
3119
729288
90768
3107
2745
55384
2646
100271597
5937
256297
89822
8859
84320
399716
6821
430
8935
135154
23274
3305
7103
54536
79068
339799
57624
29107
23101
6927
55323
9374
8622
64375
8567
26191
57829
3976
157638
1493
7148
6753
5078
5789
339896
640
3254
7919
11321
9905
9223
9479
23242
100287887
1071
11132
54665
63951
60685
3172
63892
55423
388011
53335
84226
1236
6833
7054
3586
100147745
57827
3990
442257
6262
116985
83795
6934
22836
4855
6891
4760
63826
55328
629
9055
3123
340460
221527
100271271
8872
84811
115352
8658
7466
100270981
3127
26797
3667
644020
5506
387103
4544
100270925
389203
1852
3479
100270827
2184
346171
5491
5167
3630
100131609
22807
2888
57118
4023
6517
79571
378805
100271203
100270945
3117
221895
8882
246778
400223
3784
79660
64135
9370
7297
80737
1512
10666
391524
80736
4276
29121
3481
84450
391719
267017
53347
169026
3651
5184
9861
9559
7916
25865
116935
140902
10562
3559
352961
169792
80018
2158
8638
