4626
6736
7405
3762
7709
137814
1674
1829
7137
29994
54805
1832
6662
217
64446
1952
4893
55759
387119
339829
10400
9722
57608
4000
23294
3728
98
241
92579
6331
23022
4205
57158
114036
4878
7134
10060
2626
10021
282996
6899
3827
5781
55172
3781
79188
2702
4851
25903
4634
6442
51422
84722
4633
2890
7112
221692
1284
54880
775
287
51778
5664
729075
4973
783
85366
55800
123872
673
23414
84159
1756
6943
11278
653163
6330
8701
91624
100130239
10142
23768
79659
65264
7414
78987
7139
5573
51314
2200
8997
55036
7092
80310
151126
1824
170690
51530
3741
11216
182
6597
121536
84441
5318
6387
1482
5308
4646
7809
100271444
25902
4838
2006
9960
10008
2697
6444
83544
7547
56996
6261
100128390
8613
10743
23293
5350
283652
9531
859
25771
7015
387101
6901
55997
11155
63951
8048
1767
6324
1804
4607
3988
6262
3753
2099
2657
84439
131118
221421
79192
3782
1282
7168
5894
8658
25817
7273
88
100271434
4018
23389
3757
345895
2070
4624
3759
3845
255738
57057
390345
375056
6640
120114
7804
9992
8882
55973
3784
100048912
4040
79660
463
2581
27019
7021
79822
4625
2218
283849
8557
6654
10151
948
22822
1874
64848
28
23171
284252
125972
6389
771
284217
2316
1308
22808
3920
55742
1837
11173
5663
70
