2057
11116
146059
1675
6231
26258
11285
2189
3674
3075
6165
6218
3690
974
4297
10661
56262
546
4893
2153
2815
171023
2244
2623
1719
9659
1277
613
4089
6201
5624
2022
4179
50943
54790
286
11235
3092
11093
92521
653361
5351
5781
25
5159
2990
2177
54583
1281
10483
2165
3098
1528
4688
645668
4763
23218
4094
83417
100505503
4891
889
4598
2035
958
7158
7390
124540
1991
6229
81693
81494
2038
3930
6223
6135
6774
5277
462
7056
2629
2261
10560
2632
54986
79728
7374
2266
8701
81704
3458
2155
4291
4928
2243
7454
3273
84930
8546
81608
4689
1289
2677
55120
7450
26503
3662
1727
203
3039
51251
2122
6204
3040
388552
3257
2624
2159
10600
79803
861
6125
11234
2034
2539
80324
7428
11064
2187
6708
3043
7015
695
164656
84343
84062
64324
368
9509
2157
7504
629
94
3426
2821
4869
5627
5156
54205
959
7150
2175
3845
3543
1536
79648
3704
8029
79650
2176
89781
1130
113189
2812
55752
973
1290
3717
3998
2160
867
7297
3205
2260
2729
7468
90411
948
29760
6710
2147
26127
83605
57379
7066
595
22
5340
23092
2162
6521
729536
55215
212
718
4683
2120
2158
2178
2161
1278
