56244
1675
2189
356
6165
254065
3131
285834
50515
546
2815
3394
154215
2244
6201
5624
4179
286
3558
28992
4688
23218
608
4891
2035
355
1656
4005
2309
29113
2038
9855
6774
5277
6887
10560
54986
2266
285527
81704
2155
84930
4515
8028
2213
8626
7450
3662
2624
6125
11234
80324
6176
89884
4609
100272147
84343
84062
100270953
2657
629
401475
5551
959
694
79482
1536
3704
3117
399
57379
595
2531
6988
729536
2178
11116
4791
3690
974
4297
10661
56262
6491
2153
171023
2623
1719
2022
4302
54790
2060
11235
56169
92521
23048
57569
4068
5159
2990
1281
1528
3098
4094
83417
889
100505503
5820
7158
7390
124540
3132
602
81494
55289
3930
462
2632
84159
5462
4928
2243
3195
1289
2677
26503
3039
388552
3257
2159
10215
79803
4864
861
2034
27125
8178
11064
6708
64324
2212
4066
201294
4298
3426
4869
3127
7249
7150
8115
5873
3543
2176
2303
3717
3998
867
2260
90411
948
2147
472
100128431
604
23092
212
4683
64127
7374
2158
2161
1278
7405
2057
146059
6231
26258
11285
3075
4893
10320
8676
4089
3092
11093
596
5351
5781
2177
115761
4598
1991
6229
81693
348
6223
6135
3702
2629
2261
673
8701
4291
7454
8546
348801
11262
29844
79476
1727
51251
6204
5079
605
10600
4299
7547
3431
7428
2187
2324
55997
695
164656
6929
368
79184
9509
7504
80271
3123
94
5156
54205
64895
10962
8029
89781
1130
5450
113189
2812
55752
2160
7297
3205
6609
29760
26127
83605
7066
6521
55215
718
9258
238
2120
57476
137814
3674
6218
841
1277
9659
613
6886
843
50943
653361
6899
54583
25
200942
4004
8301
10483
2165
645668
4763
4300
958
25925
10006
3118
7056
79728
10272
80184
3458
10577
3119
3273
81608
4689
55120
203
2122
3040
4838
89795
2539
79934
3043
7015
331
2157
2821
5627
2175
3845
79648
79650
27086
973
1290
5087
4303
2729
7468
6710
6813
22
5340
25865
4253
2162
79827
