57476
4791
356
254065
4297
3131
285834
841
50515
6491
3394
154215
10320
6886
843
2120
4302
3558
2060
56169
596
23048
57569
4068
4004
5159
200942
8301
28992
4094
608
83417
5820
115761
4598
4300
25925
355
1656
4005
2309
3132
29113
602
10006
55289
9855
3118
3702
6887
673
2261
54986
84159
5462
10272
8701
285527
80184
4928
3119
3195
4515
8028
348801
2213
8626
11262
29844
79476
3662
5079
605
10215
4299
861
3431
27125
89795
8178
6176
89884
331
4609
6929
100272147
4066
79184
100270953
401475
3123
4298
4869
3127
7249
64895
694
8115
79482
10962
3117
5450
27086
399
5087
4303
7468
472
100128431
595
604
2531
25865
6988
4253
4683
79827
9258
238
