6046
56244
710
723961
356
254065
10019
9517
284110
84162
80069
3131
285834
50515
10461
5211
344423
30009
3394
154215
353002
3304
326
100271600
3558
100133941
394263
114904
100293534
375616
4589
28992
1041
6565
4688
608
6048
2065
355
160365
1656
645950
4005
6605
2309
55315
64332
22925
29113
5144
9855
7185
6774
1285
5376
8341
6887
5341
65125
717
54986
56984
285527
81704
80332
6535
11277
729816
3516
100130889
54899
414777
55384
5896
4515
8028
2213
23274
3305
8626
3710
10558
7412
3662
3976
94103
7148
5994
81797
10919
8518
5089
23242
259308
6176
54665
2312
89884
2743
4609
11181
100272147
442257
148867
100270953
100189539
2741
629
401475
721
115352
100271271
56946
10866
5966
79840
1460
3106
959
694
79482
2516
63940
3630
942
1536
55343
3684
1235
3117
678
1789
399
400223
23569
919
84547
78994
51646
57628
57379
595
5897
2531
6988
79692
147409
387117
965
80018
3560
2113
921
639
11116
79722
4791
5771
80760
974
4297
84991
3112
84640
1145
56262
6941
6491
51062
2615
441376
4439
4280
4302
11118
2060
56169
23048
57569
4068
5159
2990
3689
4758
4094
83417
5820
7390
9283
83706
3132
602
6366
55289
3122
4277
23498
55937
2632
221584
84159
135656
5462
100271063
4928
23095
923
720
3195
6148
3107
5573
399716
9474
3575
9173
54414
9374
6775
26503
7132
1999
3039
3899
387046
80862
10215
7919
84769
730070
474354
861
7128
27125
150221
8178
677
1017
55423
147
7054
4066
57827
200734
10125
4855
4298
5796
221527
4869
8870
57176
3127
7292
9844
7249
121260
100270925
389203
3687
8115
346171
3543
100131609
7332
352997
780
80737
1512
10666
55024
53347
54806
3561
472
169026
100128431
449493
25780
152100
604
4261
10255
4683
7374
2161
8449
6231
5747
3075
554251
286016
10320
646702
868
359758
267015
284382
79970
969
8320
4279
3309
596
3092
100189529
253018
53832
167826
115761
4598
81606
7917
115509
259197
1134
8897
26147
55876
116379
11170
10665
401250
3702
449492
220959
2629
673
2261
3009
2135
4914
440387
8701
29851
7454
117289
8859
644540
696
430
8935
6821
348801
11262
54536
29844
79476
64421
4234
1493
5078
90865
5079
353011
605
3981
407977
3111
4299
3431
23534
164832
11127
695
3172
1236
6929
1594
79184
349158
7504
7253
7941
6891
4803
3116
5594
55328
117583
115650
440836
3123
4295
644020
387103
54207
100130988
64895
100270827
5491
7936
10962
7741
5428
1130
5450
100271203
3596
100129192
387122
64135
3593
7297
149628
26953
29760
3113
91056
3115
55584
5788
7916
2719
91137
9258
2120
238
60468
57476
2302
1234
267016
8477
23
3663
204
10892
267014
841
547
8740
253013
139716
8635
3569
6886
843
3120
10554
50943
22979
653361
4004
200942
83737
5017
8301
283598
10340
401157
7918
1797
4300
958
25925
4008
5460
1591
5133
10006
930
3118
1380
64288
3109
4281
26471
3570
394254
1773
1504
57661
170679
10272
199
80184
3087
5696
388698
3119
1786
4689
11120
6927
6665
64375
26191
4795
6583
2315
6753
81794
57705
150223
3040
90355
4282
640
10318
8741
389715
89795
975
23418
1116
100189469
388011
331
3586
3135
1997
131368
23495
28956
26797
9071
344462
29777
283165
8809
83648
85480
9526
27086
246778
10538
973
22898
4088
8625
5087
4303
2914
190
7468
1118
80736
4276
29121
5993
100130756
6311
267017
3481
2294
25865
4253
116935
7100
57713
150280
27120
3559
6890
169792
79827
353006
352961
