60468
639
5243
11116
8863
9555
144811
80315
647215
283234
356
7850
544
8477
5771
11315
3663
57154
284358
1788
944
3394
10320
91272
124626
2615
140717
10067
64170
85027
149233
54535
100271600
56169
56301
728010
8453
391282
29117
4485
23252
55054
257177
375616
5307
55600
167826
120400
10221
91975
54901
5820
7422
8209
64407
100271520
3132
3554
55876
150962
5155
402569
6774
2768
120892
3588
134288
127281
8771
54361
56984
63027
5734
23046
23308
100271063
653437
3595
1201
4046
3458
1738
2308
1001
117289
64167
359779
2646
3575
11262
56677
63892
134008
6354
100271305
25824
26191
8995
3976
157638
339479
55765
1611
3587
163486
10171
7128
159296
677
6304
345611
85407
51750
3172
253430
80762
147
3586
2212
84619
1050
219771
8600
343727
8807
3579
3123
400867
5334
56946
84624
22891
441108
3127
100271352
100130988
8764
55722
326275
746
9923
7332
3117
6122
2524
3717
4088
327
3593
146198
7297
221416
2297
57178
1601
3577
57511
6347
2294
100129306
2805
11273
1811
2859
9966
8927
2835
54546
150280
400935
3559
6550
64127
8204
131096
