4626
56244
79722
6014
7369
3663
4148
84871
40
9755
344423
5211
23263
267015
3569
6446
149233
326
196527
3309
391282
390283
167826
7536
958
26147
3132
11170
6366
10665
3118
56606
7185
4277
55937
5289
23046
257397
53940
4010
4055
7117
729816
3516
3119
3107
4049
116085
7092
2895
359775
6775
26191
25949
4795
6583
1493
100507436
3899
90355
4282
3837
10758
353011
640
7547
389715
7128
864
23534
164832
10085
259308
8200
54665
200728
147
3135
200734
4855
56172
3123
115352
400867
79667
5966
3127
9496
344462
10678
389203
100270827
100271278
3248
7124
83648
139363
3117
1235
3593
23569
5649
4276
5871
114182
2487
54829
3559
51752
54875
