112817
90859
3075
11112
7369
1286
554
2271
4306
5824
8074
3557
1758
4643
1471
1187
4627
6524
5192
55589
5314
254778
11281
100270916
525
27241
4868
4179
6338
57531
58500
493856
5311
7490
5830
56965
7421
8542
9658
23780
1287
51422
22918
7422
5251
8897
7827
6582
22925
81494
8082
65266
4841
10665
3118
1729
449492
3939
1285
284274
7056
65125
6744
3758
57619
2056
84902
55193
256356
6559
8416
6909
5696
9027
3119
64423
2646
142680
389840
5195
11136
29107
6340
204474
6665
6557
23607
7809
359
6337
79663
407977
646195
200420
8741
185
2034
7428
8395
3709
4968
57575
84925
100270946
9153
201163
4233
50617
158222
189
81
30011
988
11236
6648
4920
1594
6781
9409
55670
6262
10312
60677
6569
11122
4855
4760
3116
629
23562
7225
353329
5193
3123
3426
760
551
7466
3077
10863
26011
116093
183
7030
6514
1184
28991
5167
9526
4603
100271209
79058
3117
79611
4952
128822
4257
6421
120227
5972
6519
221416
8671
949
3913
1188
5828
340024
2628
449493
9380
8504
595
1636
5190
51196
7029
29956
51071
10255
5310
6521
150280
390218
718
80832
5800
5546
