57591
57476
63976
8522
4791
7994
254065
4297
3131
50515
4893
6491
3394
10320
3932
84936
613
6886
4302
3558
2060
3092
596
865
92521
23048
57569
4004
5781
25
5159
28992
645668
4763
608
115761
4300
25925
10499
23305
124540
4005
2309
79142
602
10006
4629
9855
55289
6887
8021
9321
84159
3815
7913
5462
10272
1387
285527
4928
4330
3195
4515
8028
348801
11262
8626
2033
29844
79476
3662
2521
2322
2122
5079
10600
10215
4299
861
153090
3431
27125
8178
5914
8833
6176
89884
57082
4609
7704
100272147
6929
64324
4066
79184
5371
4026
401475
3123
4298
4869
694
8115
79482
10962
3845
2000
3117
5450
2078
27086
3717
64783
5087
867
4303
3205
472
100128431
54904
604
23092
25865
6988
10801
26511
729536
4683
79827
2120
862
