6046
56244
284110
1080
972
84640
81037
387044
253013
4089
2615
55504
646192
441376
6289
653509
4589
1438
401157
7917
7157
9283
8897
3132
55876
5144
10665
3118
3122
1285
220959
673
3570
1136
9940
7080
6439
80332
3119
100132286
644540
6821
8626
9173
64375
94103
1999
6794
27063
90865
3111
5002
2064
5089
23418
1116
1017
7015
1956
4855
7941
10568
56946
21
10144
53916
659
8809
85480
100131609
3658
123688
3117
4086
4088
51074
1118
5265
149628
6440
26953
6288
2294
169026
4093
57628
729238
152002
3113
54904
3115
4285
91137
3560
