2113
639
56244
267016
23
80760
3663
3112
267014
285834
6941
286016
10320
267015
4439
3120
11118
3092
394263
100189529
100293534
375616
10340
7918
1797
7917
115509
259197
1656
645950
3132
29113
5133
10665
3118
1380
64288
3122
4277
8341
717
3009
221584
394254
1773
135656
170679
57661
11277
720
729816
3119
54899
414777
9474
8859
696
2213
11120
6775
26191
1493
7148
57705
387046
640
10318
730070
474354
81797
10919
7128
23534
150221
11181
349158
10125
100189539
4855
1997
629
721
3123
221527
8870
1460
57176
7292
9071
3106
29777
121260
100130988
3687
283165
63940
83648
7741
100131609
7332
3684
3117
780
100129192
387122
4276
100130756
55024
84547
78994
25780
7916
79692
7100
57713
387117
352961
