7405
57476
56244
137814
4791
356
254065
974
4297
3131
285834
841
50515
56262
6491
3394
154215
10320
8676
6886
843
2120
4302
3558
2060
56169
596
23048
57569
4068
6899
4004
5159
200942
8301
28992
608
83417
5820
115761
4300
25925
355
1656
4005
2309
348
3132
29113
602
10006
55289
9855
3118
3702
6887
673
84159
5462
10272
285527
80184
4928
10577
3119
3195
4515
8028
348801
2213
8626
11262
29844
79476
3662
5079
4838
605
10215
4299
7547
4864
861
3431
27125
89795
8178
79934
2324
6176
55997
695
89884
331
4609
6929
100272147
2212
4066
79184
100270953
2657
80271
201294
401475
5551
4298
3123
4869
3127
7249
64895
694
5873
8115
79482
10962
3543
3117
2303
5450
27086
399
973
5087
4303
6609
29760
472
100128431
6813
595
604
2531
25865
6988
4253
4683
79827
9258
238
64127
