112817
90859
58472
3751
6662
8074
26579
5314
55190
2048
638
3655
525
4179
6338
493856
5311
7490
728484
9658
1287
3295
22918
5251
117155
7827
22925
65266
1729
1285
65125
6744
5728
6498
389840
5195
60675
6041
8626
1584
7809
100189492
57135
55170
1316
100128390
140885
100270946
2263
30011
4481
253461
3973
4609
60677
25978
629
353329
401475
5305
760
26011
10863
55686
340895
28991
2516
5167
4603
3117
120227
5972
161497
949
6716
1188
100147821
5828
83636
9380
595
51196
51071
390218
50617
94274
1286
4306
23466
8673
57055
3293
11281
27241
54790
23301
50805
5830
54901
8287
6928
23780
51422
3817
4254
81494
6580
284274
3758
57619
2056
219931
5462
6909
1060
2646
142680
2677
126969
7092
11136
63892
29107
6340
204474
6557
157638
23607
6337
898
79663
646195
269
2034
401237
268
201163
4233
158222
55423
60528
4920
7054
55670
4983
10460
11122
4855
6660
6581
80319
3426
50846
7466
6563
7030
6514
1184
22853
200315
3031
284654
128822
8661
137868
2260
3913
391679
449493
5190
29956
81848
10255
80832
5546
51312
578
3075
5076
2271
5824
1758
3557
81037
1187
6770
4627
6524
5192
4214
84790
653268
6092
4868
8653
58500
57531
100271091
56965
7421
3284
2255
7422
8897
6582
728409
8082
10665
4841
449492
84733
646255
389136
2261
84075
1761
6559
100270871
29851
9027
5925
430
354
60678
1293
57054
407977
117144
4824
128674
7428
3709
1589
8395
57575
84925
9153
5630
81
6648
1594
6262
3640
10312
3116
117583
122042
5193
3123
286097
3077
116093
183
403301
11200
8029
79611
100271317
79083
6519
55636
221416
340024
2628
402123
26281
8504
2492
1636
7029
5310
6521
79887
718
23405
5800
153572
26957
6736
5010
100130338
11112
7369
554
1471
4643
55729
55589
116448
196374
7399
254778
100270916
9651
54535
1803
8542
3730
3118
3939
7056
2152
84902
55193
256356
11278
8416
5696
4477
401145
7337
3119
64423
122525
23635
4601
10
6665
8000
10611
359
100271222
200420
8741
139189
185
222546
4968
7015
100271372
189
988
80762
11236
346711
6781
2253
9409
367
6569
4760
23562
7225
340602
7903
551
8193
3265
387934
23362
9526
359941
100271209
79058
1586
80031
4952
4257
6421
1617
22834
190
8671
56311
55214
150280
