4935
56244
723961
112817
1373
2189
5162
23064
2896
10019
431704
4539
28976
80069
84162
55277
6834
8074
84871
40
6480
5092
388125
686
3304
641
525
6338
2592
493856
100271600
3558
2717
100270950
80059
1509
114904
9445
9709
335
204010
427
22918
6048
2829
79635
5251
2065
7048
6605
55315
287
5144
593
65266
1729
2998
155061
116519
5341
6898
65125
717
4669
5289
56984
54469
5468
2235
5256
1738
54602
7117
729816
3516
540
729288
2799
2745
55384
10555
6448
7508
5896
89822
5937
5195
23274
3305
1584
284119
95
51
116028
3976
7148
8443
3073
3254
5994
9905
9223
9479
11234
2731
2720
2670
5264
864
23242
2263
1071
79796
6901
54665
84233
53335
84062
84343
4536
442257
229
1203
25978
5236
84342
629
7306
115352
85476
100271271
5009
8872
760
79840
51204
4544
2639
2683
5167
3630
139363
1352
22807
374291
55343
6517
3117
100270945
400223
79660
120227
5972
5649
391524
2395
9382
91869
435
8675
5837
5828
3651
9861
9380
5897
2934
285362
1593
3920
80018
10133
2178
50617
2113
5053
9217
5771
84991
10195
3425
3112
4306
166336
224
847
5213
22837
4000
6446
1230
389015
4439
9365
56169
4728
8540
998
22920
5830
2990
1717
4758
128486
10221
26119
54901
23025
56652
7415
411
6928
5820
5996
51422
340598
1807
7390
7157
643550
10157
3132
150962
56999
3931
3122
4277
19
94241
2632
567
100271063
412
2243
4247
4538
445
10020
3107
2646
142680
5091
5373
399716
84320
135154
2895
11136
7092
7391
9173
4540
6340
4744
29107
63892
9374
26503
57829
157638
388552
6337
3257
2517
7919
2074
79803
4864
5354
7128
23479
5836
210
4537
5095
11132
55423
7036
4547
84226
8813
7054
5160
57827
55670
1244
1029
22836
4855
64221
8807
9055
5796
221527
54657
34
79783
55065
7466
8658
3127
100270981
57505
100270925
5255
389203
6514
1184
3373
4512
275
346171
51021
2072
2588
100131609
2888
2176
84823
2538
51151
27329
37
149998
80737
1512
10666
4508
1806
53347
79087
169026
472
5871
114182
3141
5190
4261
3242
140902
212
1371
4683
340460
10477
2158
8638
8549
140803
27034
6231
647215
26258
6014
4072
3636
5824
1758
5257
6770
10644
6524
5192
10253
359758
57104
54822
56945
267015
79970
969
215
2653
2055
11232
10111
441726
677828
2203
5122
5261
2177
7421
167826
256471
3284
80207
4513
7536
4598
2997
56832
7917
91949
348
10239
440138
55876
57817
645345
10665
56606
291
2591
2629
4292
29978
10559
3815
7841
1355
23308
145741
6559
440387
9401
29851
729611
117289
2071
90768
8859
8546
1233
4125
6821
430
8935
4723
54536
339799
359775
10128
64421
25949
138050
1493
54658
51251
4514
5078
4351
54664
5789
3981
339896
2109
7486
7547
6341
875
100287887
3676
2187
1589
249
63951
3172
2584
5860
1236
164656
6833
1594
3988
9896
3990
6262
10312
1629
344
3074
6891
55328
4026
5193
3123
79667
79158
9131
3077
644020
5506
387103
4541
183
283
1798
1852
3479
100270827
5491
4519
255738
11200
5189
4023
29929
5428
89781
100271203
3784
5538
64135
2581
9370
6519
7297
57178
50484
5395
6609
5346
391719
3291
340024
22845
8504
1636
7916
7299
6389
5476
6521
2548
55215
4069
23435
256297
54875
60468
136259
1234
4853
7369
2108
2073
204
1513
3145
3423
1471
442117
100270859
10296
283460
168850
10466
594
253013
139716
3120
10554
2110
22979
8462
3251
493753
4126
175
5194
7227
1643
5619
26580
283598
338
538
4535
9997
2671
7389
1797
4008
1591
3081
3643
85365
3118
10363
3767
35
148738
3109
3939
2582
1340
4281
26471
1585
79258
84572
5660
79728
100270938
1504
257397
1201
53940
3087
1497
25839
5696
5191
100130239
10577
3119
79053
100271597
116085
57192
57624
55120
1200
7103
79068
23101
6927
2778
846
8622
55323
64375
59067
5429
8567
26191
2760
2521
351
6753
4436
9180
1161
640
11321
36
185
6261
56052
2539
4976
5447
189
60685
4137
3592
54982
388011
1804
6647
3586
100147745
9409
3949
5498
116985
83795
6329
6934
6569
4760
63826
84811
5224
26797
3667
7276
178
779
857
2184
2542
2956
51128
2175
8809
5096
2068
9526
7507
57118
4650
79571
378805
4948
1586
221895
8882
4952
246778
57679
8625
4286
80331
8671
7074
410
80736
4276
10165
5993
6311
3481
267017
29121
84450
5184
383
443
9559
1639
203228
25865
116935
57514
10562
3559
6890
30061
352961
169792
5663
