4935
1373
112817
5162
28976
6834
8074
84871
40
5092
686
525
6338
2592
2717
1509
335
427
5251
593
65266
1729
2998
116519
6898
65125
4669
5289
5256
2235
1738
7117
540
2799
10555
6448
5195
1584
51
95
284119
8443
3073
11234
2731
2720
2670
5264
2263
79796
6901
84343
84062
229
1203
5236
84342
7306
5009
760
51204
2639
2683
5167
139363
1352
374291
55343
120227
5972
5649
9382
91869
435
8675
5837
5828
9380
285362
1593
3920
50617
5053
10195
3425
4306
224
847
5213
4000
6446
4728
8540
2990
5830
1717
4758
26119
411
51422
1807
7390
10157
3931
19
2632
412
2243
4247
4538
445
10020
142680
5091
5373
2895
11136
7092
7391
4540
6340
26503
388552
6337
3257
2517
79803
4864
5354
210
5836
4537
5095
7036
4547
8813
5160
55670
1244
54657
34
79783
55065
5255
6514
1184
3373
4512
275
2588
2538
51151
27329
149998
37
4508
1806
79087
5871
114182
3141
5190
3242
212
1371
27034
26258
6014
5824
1758
5257
6770
6524
5192
215
2653
2055
2203
5261
7421
256471
3284
7536
4513
2997
4598
91949
348
440138
57817
56606
2629
10559
3815
7841
1355
6559
8546
4125
4723
359775
10128
138050
54658
4514
51251
4351
2109
7547
6341
875
1589
249
2584
5860
1594
3988
10312
1629
344
3074
5193
79667
79158
3077
4541
183
1798
255738
5189
4023
5428
29929
89781
5538
6519
2581
6609
3291
22845
340024
8504
1636
7299
6389
5476
6521
2548
4069
54875
7369
2108
1513
3145
3423
1471
10466
594
2110
493753
3251
4126
175
5194
26580
338
538
9997
4535
7389
3081
85365
35
148738
3939
2582
1340
4281
1585
84572
5660
257397
1201
53940
1497
25839
5191
10577
79053
116085
57192
1200
2778
2760
9180
36
185
56052
2539
5447
189
54982
3949
9409
5498
6329
6569
5224
7276
178
779
857
2184
2542
51128
5096
9526
4948
1586
4952
4286
80331
8671
410
10165
5184
383
443
30061
