56244
50964
6662
81839
8074
84871
40
6452
344423
5211
10682
9451
326
274
51059
5307
6496
9658
6442
22918
5251
7048
1435
1298
7185
2318
4041
5289
1756
7117
729816
79659
3516
5728
50506
8106
390594
79577
2033
7476
1482
100507436
8443
8022
2692
2131
864
259308
2263
54665
1292
7040
2657
25978
3736
7038
115352
760
5966
5894
7273
7555
10678
351143
7474
4534
7124
5167
139363
54510
5745
3117
1235
120227
23569
5649
7050
7291
4625
10660
8675
8291
3844
54829
871
50945
2316
10133
64840
6469
405753
79722
4750
50937
4148
5339
29954
5213
10599
139285
4000
6446
1760
2690
196527
8540
4758
121340
1073
56652
5176
3132
6366
952
415
4277
284274
207
6528
55937
9469
2736
64175
7058
64327
100270956
4538
4488
10020
3107
142680
7092
2895
4540
3339
6775
825
3899
7169
7046
23657
2074
1280
7128
90
23345
200728
4920
147
9533
100129584
200734
10491
4855
56172
23175
64221
4154
400867
3239
1302
10683
1785
3127
389203
1180
1184
4512
100271278
3977
8481
2260
8557
10585
392255
5871
114182
2487
2121
8707
1278
79147
2010
6014
1758
2254
1299
9755
4893
8483
10584
9499
267015
149233
11232
3309
391282
5781
7421
167826
7536
2688
2737
26147
1291
55624
11170
10665
374654
56606
291
1311
6777
389136
2261
673
4618
7080
9401
1387
1836
359775
25949
1293
1493
9782
2693
4514
59341
353011
2697
7547
23534
164832
5727
58
55997
5479
2273
1594
79574
10312
7253
8600
100169835
3123
79667
4591
9131
79158
9496
23224
4541
100270827
6949
5428
6399
3593
501
1186
50484
205327
8820
54875
4626
137814
4853
7369
860
3663
150538
1513
9241
23263
1277
3569
6899
7227
390283
4982
5352
23314
4535
2132
958
60681
3643
3118
389434
7546
8792
7170
7056
84572
8878
23046
1297
257397
53940
4010
4055
5191
3119
4620
4049
2200
116085
57192
2778
157570
132884
23592
26191
4795
6583
81794
90355
4282
3837
1161
10758
640
6444
389715
6261
10085
8241
859
8200
5447
7138
9842
57539
3135
6329
64419
4318
344462
4487
779
3265
3248
3845
83648
203859
51082
28962
6443
4088
2218
4276
3481
6654
652411
6445
4703
22954
169792
4313
51752
3559
