57509
113510
57419
7994
285176
58472
51201
254065
343045
972
6662
652
3131
285834
26579
50515
347730
657
3394
154215
353002
387044
55190
2048
638
3655
11320
353238
3558
7490
728484
29086
23512
28992
128869
392382
608
5606
100131561
7048
1656
7517
4005
2309
29113
80724
5144
9855
6756
57120
1027
6887
7175
54986
9940
7913
285527
5468
729582
2317
4330
3621
5728
154288
100271596
6498
7508
283450
4515
79577
8028
2213
8626
6041
2033
3662
1385
8125
100189492
80205
2131
5290
147138
6598
1316
2064
100128390
5081
2263
5888
6176
253461
4481
89884
3973
53335
57082
4609
100272147
353021
100270953
6098
285829
25978
401475
5305
347292
3106
694
79482
11146
57706
3117
2313
51684
399
27030
949
23187
83636
152002
595
3232
51196
2531
6988
729536
390218
80018
5889
55717
8522
63976
26154
4791
727837
94274
4297
4437
8648
8673
23466
116159
6491
131
79145
84936
4157
571
11281
1019
675
27241
4302
54790
3231
11235
2060
23301
7141
3659
56169
865
92521
23048
57569
9950
50805
5159
8313
4094
8030
83417
6928
889
5820
7157
120376
124540
100147754
54796
51517
3817
3132
4254
602
55289
4629
8314
6580
5155
4522
100271015
207
63877
8021
1136
8312
26585
9321
84159
219931
5071
5462
5562
4928
23095
4916
3195
8929
100271197
5573
3911
558
2677
57497
63892
172
157638
57670
84312
898
11178
79663
10215
861
2034
27125
8178
5914
57609
401237
2494
2115
201163
9833
8379
6390
4233
57161
4856
9516
60528
10232
7704
7054
64324
4066
83990
4983
2099
10460
1029
6581
80319
8558
4298
4869
100133193
3127
6563
7249
7030
4512
8115
346171
3417
580
2072
22853
7031
2000
58480
200315
352997
3717
64783
867
3977
137868
1601
5077
4092
391679
3198
472
100128431
28
81848
604
23092
10801
650
4683
86123
862
7032
5546
51312
578
672
4072
353003
577
2271
4595
217
81037
4893
6392
54556
3932
10320
4214
3791
84790
653268
4089
267015
286749
4978
9375
57531
1452
3092
596
4340
9497
5781
10342
2255
8091
100288517
115761
2737
10499
7917
11221
8897
6582
6447
84168
8082
208
5979
4841
374654
5892
11322
827
10391
220959
646255
3868
10371
4292
389136
2261
51741
673
84075
4914
3815
1761
338376
8701
1387
100270871
6391
26137
2071
5925
79875
647201
644540
430
354
348801
11262
339799
60678
29844
79476
51079
6597
1293
112744
466
6794
6049
2322
8667
2042
100130409
8398
5079
605
10600
7486
5002
4299
4221
153090
4824
3431
1649
6862
7428
3709
8031
5727
84925
5630
8915
8833
2324
26278
324
999
6929
4600
1033
2834
79184
54949
283491
441073
4507
352995
4026
10568
3123
22891
55654
116093
5156
55770
64895
10962
100271144
11200
23085
54738
5450
2078
387122
8643
473
79083
57178
3205
5395
83605
402123
54904
4771
4285
7299
6389
79695
26511
5890
79887
23405
9258
238
2120
153572
4626
57591
57476
5010
2073
222643
5324
55729
1755
8795
130540
1277
613
2192
6886
7399
196374
55504
843
646192
23022
54535
81847
6289
4004
7227
25
1643
200942
1499
8301
645668
4763
4300
2132
25925
23305
79142
10006
3118
392371
79608
79728
55193
11278
10272
80184
4046
7248
5987
2308
4477
7337
3119
10884
55892
122525
1028
6757
4601
6927
2778
10
6760
5429
8000
199713
10611
100270908
4293
2521
2122
4436
100271222
162967
2272
89795
125
51562
4968
222546
7015
150094
5108
51750
100271372
1956
80762
11236
367
5371
701
100271618
340602
140856
22800
25817
80129
8193
3265
2956
387934
3845
27324
2068
7507
123688
23362
79058
5157
80031
51592
221895
27086
100048912
728615
4088
6421
5087
22834
8013
4303
647121
6793
7468
2304
4276
2130
6288
85415
25865
5168
4253
55214
643503
8805
9049
79827
