57509
113510
58472
51201
972
6662
652
26579
347730
657
353002
387044
55190
2048
638
3655
7490
728484
29086
392382
5606
7048
7517
80724
5144
1027
9940
729582
5728
100271596
6498
283450
79577
8028
8626
6041
8125
100189492
80205
5290
1316
2064
100128390
2263
5888
253461
4481
3973
53335
4609
353021
285829
25978
401475
5305
347292
3106
3117
27030
949
83636
152002
595
3232
51196
390218
80018
5889
94274
4437
8673
23466
116159
131
571
11281
675
27241
54790
3231
56169
7141
23301
3659
50805
8313
6928
5820
7157
120376
100147754
54796
3817
4254
6580
4522
100271015
207
63877
1136
8312
26585
219931
5071
5462
5562
23095
4916
100271197
5573
3911
2677
57497
63892
157638
84312
898
11178
79663
861
2034
57609
401237
2494
201163
9833
4856
4233
57161
60528
10232
7054
83990
4983
2099
10460
6581
80319
100133193
6563
7030
4512
346171
22853
7031
200315
352997
137868
1601
4092
391679
3198
28
81848
650
4683
862
7032
5546
51312
578
672
4072
353003
577
2271
4595
217
81037
4214
84790
267015
4089
653268
4978
57531
1452
4340
9497
2255
2737
7917
11221
8897
6582
6447
8082
208
5979
4841
374654
5892
10391
220959
646255
10371
4292
389136
673
2261
51741
84075
1761
100270871
26137
5925
79875
647201
644540
430
354
339799
60678
51079
1293
112744
466
6794
6049
8667
2042
100130409
7486
5002
4221
4824
7428
3709
84925
5630
26278
324
999
1033
2834
283491
441073
352995
10568
3123
22891
116093
11200
387122
79083
57178
5395
402123
54904
4285
79695
79887
23405
153572
4626
5010
222643
55729
196374
2192
7399
55504
843
646192
23022
54535
81847
6289
7227
1499
4763
3118
392371
79728
55193
11278
4046
4477
7337
3119
10884
55892
122525
4601
6927
2778
10
8000
10611
100270908
4293
2122
4436
100271222
2272
125
51562
4968
222546
7015
150094
100271372
1956
80762
11236
367
340602
22800
25817
80129
8193
3265
2956
387934
3845
27324
23362
123688
5157
79058
80031
51592
100048912
728615
4088
6421
22834
647121
2304
4276
6288
85415
5168
55214
643503
9049
