57509
55717
57419
26154
285176
51201
2271
4595
5324
657
6392
54556
1755
79145
8795
4157
267015
4089
353238
675
9375
56169
7490
4004
9950
10342
1499
8030
100288517
5820
7157
100131561
8082
5979
4841
8314
3118
57120
79608
4292
673
7175
8312
4914
55193
5468
23095
5987
3621
5728
3119
8929
5925
6927
2778
3662
57670
79663
5290
162967
2064
2034
7428
3709
8031
4968
5727
84925
401237
8915
201163
7015
5108
4233
51750
9516
11236
324
1033
6098
140856
116093
7030
55770
3265
3417
580
23085
58480
79058
51592
100048912
51684
6421
8643
473
3977
949
4276
23187
595
4771
390218
8805
9049
238
5546
