57509
57419
7994
285176
51201
254065
343045
3131
285834
50515
657
3394
154215
353238
3558
7490
23512
28992
128869
608
100131561
1656
7517
4005
2309
29113
9855
6756
57120
6887
7175
54986
7913
285527
5468
2317
4330
5728
3621
154288
4515
8028
2213
8626
2033
3662
1385
2131
5290
6598
2064
5081
6176
89884
3973
57082
4609
100272147
100270953
6098
401475
694
79482
11146
3117
2313
51684
399
949
23187
595
2531
6988
729536
390218
55717
8522
63976
26154
4791
727837
4297
8648
6491
79145
84936
4157
11281
675
1019
27241
4302
2060
11235
56169
865
92521
23048
57569
9950
5159
4094
8030
83417
889
5820
7157
124540
3132
602
55289
4629
8314
5155
8021
8312
9321
84159
5462
4928
23095
3195
8929
5573
172
57670
79663
10215
861
2034
27125
8178
5914
401237
2115
201163
6390
4233
9516
7704
64324
4066
1029
8558
4298
4869
3127
7249
7030
8115
3417
580
2000
58480
3717
64783
867
3977
5077
472
100128431
604
23092
10801
4683
86123
862
5546
2271
4595
81037
4893
6392
54556
3932
10320
3791
267015
4089
9375
57531
3092
596
5781
10342
8091
100288517
115761
10499
84168
8082
5979
4841
3868
4292
2261
673
4914
3815
1761
338376
8701
1387
6391
5925
348801
11262
29844
79476
6597
466
6794
2322
8398
5079
605
10600
5002
4299
153090
3431
1649
6862
7428
3709
8031
5727
84925
8915
2324
8833
324
6929
4600
1033
79184
54949
4507
4026
3123
55654
116093
5156
55770
64895
10962
100271144
11200
23085
54738
5450
2078
8643
473
3205
83605
54904
4771
7299
6389
26511
5890
23405
9258
2120
238
4626
57591
57476
5324
1755
8795
130540
1277
613
6886
843
4004
25
200942
1499
8301
645668
4763
4300
2132
25925
23305
79142
10006
3118
79608
55193
10272
80184
5987
2308
3119
6757
6927
2778
6760
199713
2521
2122
162967
89795
4968
7015
5108
51750
11236
5371
100271618
140856
3265
3845
79058
221895
51592
27086
100048912
6421
5087
8013
4303
6793
7468
4276
2130
25865
4253
8805
9049
79827
