374654
83605
10397
1785
1786
123606
3329
121512
8988
79147
9289
3798
347733
7050
5376
1778
11235
547
51062
2705
1293
1959
65125
9907
5264
2316
4488
81839
2218
3679
8139
54332
9990
4552
8320
3476
4803
8565
80208
7249
7248
8518
4548
144165
4359
23095
1641
8898
10908
54820
2617
2018
65055
10558
3315
4747
55640
8820
6683
3897
6687
10564
7846
7840
16
4524
4522
57190
81857
2736
6496
5631
5649
59341
26353
3735
5728
5354
3236
79840
57716
4000
5191
5727
7879
118813
9896
9897
81846
57165
1292
9420
51324
170302
79628
23503
23111
9197
5048
22948
6862
9215
26580
6469
50937
4914
1291
9517
9516
7546
79152
80781
9927
