4935
23209
23036
56244
1373
5162
23064
2896
254065
9517
79809
4539
3064
55277
81839
378884
6834
546
79955
51324
10461
6323
5092
57094
6607
3394
1959
353002
6658
9451
55605
81846
2592
4862
493856
2668
2290
65217
100133941
2717
2512
10397
90167
1509
274
773
401884
583
9445
1041
6496
6565
335
8912
203238
6442
427
81857
160365
57716
64332
2554
5144
341
593
5664
1729
123016
8864
170302
146227
6774
7957
5376
2318
1641
2998
5341
54862
155061
6898
65125
717
1378
1756
8892
23431
8893
344558
1814
5256
81704
6535
1738
11277
729816
5728
100130889
540
8106
6448
390594
2780
5195
79031
338567
8028
2033
2664
10558
7412
51
95
3662
124590
7148
4552
5308
8022
3073
3315
1144
2692
25902
80205
100128646
3565
6598
10919
9907
8518
2731
2720
2670
80036
5264
113278
1741
6346
7991
6712
84233
1292
2743
65109
10083
22948
56997
4536
148867
3184
9108
26058
1203
25978
5236
5631
2741
84100
3736
629
5009
8898
8905
79840
7401
4668
9420
7273
6335
51204
10404
7555
6197
84059
2259
3106
9037
80704
9126
5607
4534
1453
7592
1352
8938
4336
942
374291
5456
3117
678
55103
7840
93986
84660
5649
5521
2580
7050
2018
4625
2395
54840
435
8291
9640
4239
5828
84061
2934
9570
285362
6663
2316
8195
7305
3920
965
3748
10133
27429
921
6469
162540
63976
5053
9215
10075
9217
50937
54805
6567
2898
3425
7473
3112
10479
9179
1145
5339
85453
130013
56979
166336
29954
1822
2153
4548
3236
10599
79152
2733
4000
1760
55775
51062
27241
84623
84295
10528
4280
8242
11235
56169
4728
7098
51435
998
1140
5830
27074
4035
55737
55998
22920
55777
4758
1073
5932
55650
56652
7415
23025
411
5820
51422
5146
9439
611
7157
8934
2036
10157
64072
3132
952
3122
81622
2904
4973
4522
283226
4277
5173
19
7443
5626
23498
285513
5071
2736
643680
23095
2617
9901
4538
4488
445
923
10020
6148
8929
7102
3107
29119
4724
23189
5091
3575
926
2043
54209
4540
51338
4744
7846
8890
6955
26503
6855
825
7132
6310
4905
186
6263
3897
23607
7169
57674
6622
2517
59
7919
66037
3798
84769
2074
4864
158866
5354
79054
23666
5836
677
4537
1181
1330
23345
442524
51185
9516
400403
147
8831
7054
10452
5160
55670
4983
1981
4855
6314
57465
3508
64221
8573
55640
728299
4154
54332
4854
221527
1302
5796
6513
57167
7466
1785
3127
3786
57111
80975
7249
5255
1180
3373
4512
339761
6872
275
25814
454
8492
100131609
6792
4747
92949
352997
4593
582
23636
57449
5913
644150
8557
10585
4508
54806
6687
3198
55129
6403
2147
472
147081
23271
5190
23230
450234
152100
10801
3242
9627
1013
8449
8292
132789
140803
9811
1008
79147
2010
5747
112476
10159
9211
65018
5824
554251
57194
84239
5257
1861
10939
100271506
5192
25793
868
6606
2563
10369
26353
9499
54822
5048
79970
8320
267015
215
2653
2055
11232
3679
4340
4359
3827
253018
5261
26260
53832
3476
256471
253782
80207
65055
2571
4598
2688
585
2997
7879
56832
2737
1859
9897
7917
1134
51473
348
10438
1291
55624
1141
116379
10665
374654
401250
5956
291
337880
729075
359758
120892
3868
54714
728458
2629
2261
4618
29978
2135
4914
1355
7080
1387
23503
5583
2902
157708
9524
117289
1135
25836
4211
64321
945
4723
10084
54536
646583
11262
5819
1813
4234
123606
5063
1293
7552
138050
8243
55145
23096
9782
5080
4514
59341
6530
54664
2332
8398
5789
161582
1191
785
2314
2182
875
56922
27286
154881
6862
7428
2245
84894
5727
58
2652
7345
9459
2584
5860
90627
26766
2273
121512
1594
400591
81615
9896
627
1629
3074
129880
166379
4803
6891
5594
440836
5193
3123
4287
64231
79158
9131
80208
144165
23224
1778
644020
4541
283
54207
3479
1123
7936
5491
747
4519
2705
5189
5428
54903
100129583
387122
5538
8450
2581
6507
3593
50484
6609
2041
2921
6101
79628
8988
340024
83605
8504
4771
1636
5788
7916
6389
5476
4204
114798
8820
2548
641339
23400
3785
23435
6611
11141
5654
60468
25953
267016
10908
9990
83943
57502
3329
8477
11315
668
10892
80025
9846
3423
8910
51114
1471
1103
547
254428
8740
594
8139
8575
15
7399
6326
950
241
3120
25861
1495
2562
5582
3251
5194
4647
3708
4815
26580
8301
255928
538
1476
100270961
57165
4535
4763
1006
9968
347733
1137
5460
1591
80781
23133
9150
116442
10002
57477
3118
118813
338399
3109
2582
9927
7546
7170
3778
1585
84572
5660
170679
1201
199
80184
3087
7248
5191
2566
10577
7337
11253
2565
3119
4620
84286
1786
51205
57192
6239
8891
1200
27072
2778
846
8622
1967
64374
2760
2315
2521
351
1161
85300
477
6444
2892
3028
10743
55212
6261
859
4976
3735
100189469
54465
4524
91147
7138
4137
54982
339263
6487
1804
51057
347344
9197
2334
9289
6647
2643
9409
10913
367
114134
1261
6329
64419
285489
131368
6908
1282
54820
6683
57190
5224
9203
79738
5621
7276
779
9856
2184
2542
51128
114327
27324
203859
8565
6443
4952
10538
100048912
3060
57679
22898
10564
146057
80331
2218
16
410
7074
4276
10165
6311
10347
10895
114781
1946
2294
6445
443
83696
383
1639
10228
203228
4703
116935
23111
22954
7319
343641
9049
478
24140
352961
3559
27120
5663
