8292
79147
2010
10908
9217
23064
3329
9517
55277
1145
5339
29954
1103
51324
6607
547
3236
10599
1959
2733
79152
8139
6606
4000
9499
54822
26353
1760
79970
51062
81846
11232
998
10397
4359
274
1140
22920
26580
538
1073
57165
23025
4535
335
7415
65055
56652
4763
7879
6442
56832
81857
9897
1134
57716
1291
55624
118813
291
5376
9927
2318
7170
19
7443
155061
4618
65125
29978
4914
1756
23503
23095
2617
5191
4538
10020
4620
8106
1786
390594
4540
4744
10558
123606
825
1293
2521
9782
3897
59341
3315
7169
1144
3798
6444
6598
5354
9907
8518
6261
5264
113278
58
859
3735
23345
9516
7138
1292
2743
1804
2273
9197
22948
121512
6647
9896
367
6329
5631
64419
4803
2741
3736
3508
285489
64221
4154
54332
9131
8898
6683
9420
1785
80208
7273
6335
23224
1778
7555
4541
283
7276
1180
779
4534
2705
203859
5428
4747
8565
7840
6443
57679
4593
57449
50484
5913
4625
2218
7074
16
8557
10585
79628
6311
8988
8291
6687
6445
1639
4771
203228
4703
10801
23111
22954
10133
23435
