140803
25953
5162
10075
478
23064
57502
254065
112476
6567
10159
2898
3425
10479
3423
8910
51114
1861
546
79955
84239
6323
547
10939
8575
10369
7399
6658
55775
9451
84623
215
10528
84295
2055
55605
25861
493856
8242
5582
11232
2290
3251
65217
4359
4647
3708
3827
773
26580
55998
26260
255928
55777
538
3476
55650
56652
9968
51422
5146
9439
1859
611
2036
64072
51473
23133
116442
10002
57477
1729
5956
291
146227
2904
170302
54714
5173
728458
54862
3778
3662
7080
1387
81704
6535
2902
9901
9524
11253
25836
7102
6448
2780
10084
926
2033
2664
8622
1813
51
5063
6855
7552
6310
138050
8243
124590
23096
186
55145
5080
6530
2332
85300
161582
785
2182
158866
27286
11141
2892
3028
6261
2245
1741
23345
51185
2652
6712
7991
9459
4137
65109
6487
10083
8831
56997
347344
2334
2643
5160
4983
1261
5631
3736
6314
64221
8573
6908
1282
4287
1302
6513
8905
7401
7466
6335
9203
80975
6197
2259
84059
3479
9856
3373
6872
9126
747
7592
25814
4336
8492
5428
5456
93986
8450
6507
5521
50484
146057
6311
9640
55129
472
84061
83696
10228
4204
1013
6663
641339
7319
343641
3920
24140
3748
6611
