23036
9811
162540
10908
9217
83943
23064
2896
3329
11315
9517
80025
4539
7473
9846
65018
3064
55277
378884
130013
1861
166336
51324
6607
547
3236
10939
254428
1959
25793
2733
79152
8139
6606
4000
54822
26353
950
55775
51062
1760
79970
9451
10528
2055
81846
493856
5582
2290
3251
51435
998
10397
4359
1509
3708
274
773
401884
22920
27074
26580
55737
8301
255928
538
1476
256471
57165
253782
23025
80207
335
4535
65055
7415
56652
4763
1006
7879
56832
81857
9897
8934
57716
348
341
952
5664
118813
338399
3122
146227
7957
4973
5376
120892
9927
5173
2629
283226
7443
155061
65125
285513
29978
4914
1378
5071
1201
344558
23503
643680
7248
2617
23095
5191
4538
540
84286
1786
29119
4724
6239
945
1200
926
54209
4540
5819
4744
51338
8622
10558
64374
123606
95
3662
6310
4905
2521
55145
351
3897
4514
23607
59341
54664
3315
8398
25902
1161
6622
1191
100128646
785
3798
2074
56922
5354
9907
154881
8518
23666
2670
5264
113278
4976
3735
442524
23345
7345
6712
9516
84233
4137
54982
339263
1804
9197
56997
121512
7054
6647
22948
10452
10913
81615
4536
367
9896
114134
1981
26058
1203
25978
5631
4803
3736
6314
3508
6908
4154
54332
4287
64231
8898
6683
9420
7466
80208
144165
1785
57111
1778
7249
2259
4541
5621
283
7555
7276
1180
4512
339761
747
4519
25814
4336
2705
454
5428
4747
92949
8565
55103
7840
84660
57679
100129583
5538
6507
5521
23636
57449
2580
146057
80331
644150
16
7074
2041
2395
79628
54840
6311
4508
8988
10347
6687
9640
55129
147081
443
1639
10228
4771
450234
203228
9570
9627
4204
23111
114798
343641
7305
3748
10133
23435
27429
5663
