3762
140803
140464
25953
4685
100130338
9990
4208
29994
112476
3751
1286
4160
2898
6662
8910
50674
84239
1861
79955
6323
657
547
387119
442216
9722
8575
10369
79813
116448
7399
98
8320
9451
84623
84295
55605
2055
6331
25861
60529
3875
11232
65217
4878
10060
11093
4359
10021
4647
83657
100271091
2990
9119
26580
55998
3781
2702
55777
3476
1803
54901
55650
56652
181
4094
25903
2660
5146
9439
2890
1859
611
7390
64241
2036
11221
64072
51473
80781
9369
7352
728409
2509
775
287
644
10002
1729
5956
291
170302
2904
1285
729075
54714
728458
2629
54862
3764
3778
2152
2632
23414
7080
11278
6330
729627
5468
81704
29851
2902
10142
9901
7259
4488
9524
11253
23768
5728
1060
401145
23635
2780
558
497258
126969
7092
926
79068
3048
151126
2778
3741
11216
1813
26503
84441
121536
400652
3662
60467
124590
54658
55145
3039
3897
5080
6468
3040
6530
5308
5079
401089
85300
161582
4734
1280
6261
100128390
4613
25771
859
22971
51185
387101
2652
7991
4137
3856
346711
6487
1804
10083
8831
2643
367
3753
2099
1261
60401
64240
117583
64221
23562
7903
1282
3782
1302
286097
6513
7401
25817
6335
80975
55686
3952
84059
170553
100271434
403301
340895
3479
9856
779
3757
6872
4624
3759
5167
390345
4336
100189470
8492
6640
5428
120114
54738
8029
3031
9992
93986
3784
5443
463
728615
8661
100271317
2581
50484
79822
8431
5265
256076
100147821
56311
22822
64848
83696
10228
23171
26281
284252
1811
1013
6663
284217
1308
10653
478
55742
26957
