6046
2302
56244
284110
1080
972
84640
64446
81037
30009
339829
387044
253013
4089
2615
55504
646192
441376
653509
6289
55172
4589
1438
401157
6442
7917
7157
9283
8897
3132
55876
5144
10665
3118
3122
1285
220959
123872
673
3570
1136
9940
7080
6439
8701
80332
3119
5784
51314
100132286
644540
6821
55036
8626
9173
1893
64375
94103
1999
6794
27063
90865
3111
5002
83544
2064
5089
4613
23418
1116
1017
7015
201163
1956
1767
4855
7941
221421
10568
56946
7273
21
10144
345895
53916
659
8809
85480
100131609
3658
123688
3117
4086
3596
4088
27019
51074
1118
5265
149628
6440
26953
6288
2294
169026
57628
4093
729238
152002
3113
54904
3115
4285
91137
3560
