5654
5158
3420
2978
4117
84839
7287
3075
83394
1406
22999
1471
728402
79955
10461
6103
343450
762
8754
8797
8842
25794
7399
10554
114902
10516
25861
3080
65217
92211
6094
441726
4647
360023
145226
2165
9709
6785
375298
6048
5146
259266
1797
1258
7422
388939
83552
64072
26504
81494
26121
10002
123016
7439
54714
728458
6499
717
64218
346007
5148
4901
9094
8224
55812
1524
10210
6010
1001
50939
6121
55975
8859
7099
24
84140
10877
124590
7148
6102
3078
2074
2979
9129
6261
23418
118663
81579
5145
1071
2652
3614
6247
221294
10083
5978
5149
3990
10594
83872
79947
84100
629
221527
3426
1302
7401
387715
84059
5961
7936
169522
1259
768206
57096
6295
3000
5995
80864
221416
6100
59338
130557
6101
4508
24148
7078
778
23020
6017
93589
718
