140803
140464
25953
4685
100130338
112476
3751
4160
2898
8910
50674
84239
1861
79955
6323
547
442216
8575
10369
116448
7399
9451
84623
84295
55605
2055
25861
11232
65217
11093
4359
100271091
4647
83657
2990
26580
55998
55777
1803
54901
55650
56652
181
4094
5146
9439
1859
611
7390
2036
64072
51473
9369
2509
7352
728409
644
10002
1729
5956
291
2904
54714
728458
2629
54862
3778
2152
2632
7080
5468
81704
29851
2902
9901
401145
9524
11253
1060
23635
2780
497258
126969
7092
926
79068
3048
1813
26503
3662
400652
60467
124590
55145
3039
5080
3040
6530
5079
85300
161582
6261
51185
2652
7991
4137
346711
6487
10083
8831
2643
1261
117583
64221
7903
1282
1302
286097
6513
7401
6335
80975
55686
3952
84059
403301
340895
3479
9856
6872
4336
100189470
8492
5428
8029
3031
93986
5443
100271317
8661
50484
8431
100147821
56311
83696
10228
26281
1811
1013
6663
10653
478
26957
