4935
64840
26154
26258
11285
2073
3892
1832
3145
9733
5339
7051
26277
224
3849
3848
3861
1277
284382
3655
2615
10516
1294
5351
1643
5017
1281
136647
2706
4598
7389
1075
7390
30008
127534
3691
3868
4292
23545
3815
5831
4015
3854
114548
9401
412
2235
1828
3887
388698
55505
5317
3853
2071
10804
1736
118429
7508
8546
1289
117581
4014
3889
8626
2707
1893
80326
3918
132884
5429
81794
388552
4436
3257
2006
3909
79803
404672
8517
11234
27032
210
55135
11127
7015
55651
2312
91662
3914
84343
84062
10913
368
5498
9509
1896
7306
59344
56946
3077
5818
643418
2068
2072
3857
7507
11005
3858
89781
4948
113189
51151
488
1290
4286
3852
128178
57152
126410
3860
3872
4792
5184
91056
242
7299
57514
1308
2121
212
1371
1278
