4935
56244
710
285834
7051
26277
100129921
344423
5211
3394
3849
3861
3655
135644
84648
3558
326
55806
394263
5246
114904
29086
100293534
375616
4843
1041
136647
392382
1287
6048
30008
1656
7517
127534
645950
29113
7185
1285
8341
717
4041
4669
4015
114548
5468
2235
729582
55505
11277
729816
3516
5317
100130889
54899
2799
414777
10555
6448
7508
2213
4014
8626
122589
3918
284119
3662
3002
7148
100507436
80205
147138
5290
81797
404672
10919
11234
5089
2720
27032
259308
2263
5888
54665
2312
53335
11181
3914
84343
84062
100270953
646520
285829
100189539
629
401475
721
7306
115352
59344
56946
10866
5966
1460
5894
347292
3106
63940
7124
11074
11005
3684
1235
3117
353010
23569
3872
919
84547
78994
595
79692
147409
871
390218
387117
5889
134510
2113
64840
639
79722
26154
80760
1286
9825
3425
3112
116159
5339
6941
224
9692
4000
4157
2615
675
4280
4439
11118
1294
7141
170680
2990
1281
121340
411
5176
7390
100147754
54796
4254
3132
6366
3122
4277
207
55937
221584
5831
135656
5462
64175
412
1828
4916
720
3853
6148
3107
9474
1289
177
6775
3899
388552
387046
3257
80862
401089
7920
730070
79803
474354
7128
8517
150221
210
5980
4856
9833
54620
57161
55651
4920
147
2212
83990
1896
2099
60401
200734
10125
10491
4855
221527
8870
57176
100133193
3127
5818
7292
121260
389203
3373
3687
2072
2588
3857
100131609
7332
3858
84823
51151
780
488
57152
309
55024
53347
6772
25780
10255
1308
2121
212
1371
4683
64581
2161
1278
26258
11285
672
3892
577
1832
23385
1588
9733
4893
4627
286016
10320
353007
4214
267015
284382
89870
149233
10516
3309
3092
4340
100189529
9497
5351
5781
253018
9119
55851
167826
2255
2706
4598
1075
7917
115509
259197
11221
26147
11170
208
10665
401250
3691
5892
11322
3692
3868
10371
90134
4292
673
2261
3009
23545
3815
3854
729627
9401
7940
2071
79875
1736
8859
8546
696
6821
84952
2707
339799
138050
112744
1493
6794
100130409
353011
2006
3909
353145
875
340198
23534
164832
11127
22971
5479
368
9509
349158
3133
283491
80271
441073
4026
3123
22891
3077
9496
170553
2794
100130988
55770
100270827
5491
7741
11200
643418
89781
113189
3596
100129192
387122
3593
473
7297
57178
126410
353094
91
5346
147495
3113
91056
3115
7916
242
7299
831
267016
23
2073
3663
22861
267014
3145
3423
3848
1277
8635
2192
3569
64170
3120
10554
54535
81847
200879
1643
26580
5352
5017
538
10340
7918
7389
1797
958
60681
5460
3643
6773
5133
3118
1380
64288
394254
79728
1773
170679
57661
3595
4010
4046
3887
388698
3119
10884
10804
4049
2200
117581
11120
3889
80326
59067
10161
132884
23592
64375
5429
26191
4795
100270908
6583
81794
57705
4436
90355
4282
10758
4734
640
10318
389715
55135
79934
7015
150094
121391
91662
3586
10913
5498
367
3135
1997
80129
9071
344462
29777
857
283165
2175
3845
83648
27324
2068
7507
4948
51592
100048912
1290
728615
4286
3852
128178
647121
3860
80736
4276
100130756
6654
4792
2294
5687
5168
116935
7100
57713
57514
23765
3559
352961
51752
5663
