4935
56244
710
285834
7051
26277
100129921
344423
3394
3849
3861
3655
135644
84648
3558
55806
394263
5246
114904
29086
4843
1041
136647
392382
6048
30008
7517
127534
29113
717
4015
114548
5468
2235
729582
55505
729816
5317
100130889
10555
7508
4014
8626
122589
3918
284119
3662
3002
7148
100507436
80205
147138
5290
404672
11234
5089
27032
2263
5888
2312
53335
3914
84343
84062
100270953
646520
285829
401475
7306
59344
56946
10866
5966
5894
347292
3106
63940
7124
11074
11005
3117
353010
3872
919
595
147409
390218
5889
134510
64840
26154
9825
3112
116159
5339
6941
224
9692
4000
4157
2615
675
4280
1294
7141
170680
1281
7390
100147754
54796
4254
3132
3122
4277
207
5831
135656
5462
412
1828
4916
3853
6148
3107
1289
177
6775
388552
3257
80862
7920
79803
7128
8517
210
5980
4856
9833
54620
57161
55651
147
2212
83990
1896
2099
60401
4855
221527
8870
100133193
3127
5818
2072
100131609
3857
3858
84823
51151
780
488
57152
309
53347
6772
10255
1308
2121
212
1371
4683
64581
2161
1278
26258
11285
672
3892
577
1832
23385
1588
9733
353007
4214
267015
284382
89870
149233
10516
4340
9497
5351
5781
253018
9119
55851
2255
2706
4598
1075
208
10665
401250
3691
5892
11322
3692
3868
10371
90134
4292
673
2261
23545
3815
3854
9401
7940
2071
79875
1736
8546
6821
84952
2707
339799
112744
1493
6794
100130409
353011
2006
3909
353145
340198
23534
11127
22971
368
9509
283491
3133
80271
441073
4026
3123
22891
3077
9496
170553
2794
55770
5491
11200
643418
89781
113189
3596
100129192
387122
3593
473
7297
57178
126410
353094
91
5346
147495
3113
91056
3115
242
7299
831
267016
2073
3663
22861
3145
3848
1277
8635
2192
64170
10554
54535
81847
200879
1643
26580
5017
538
7389
5460
3643
6773
3118
79728
170679
3595
4010
4046
3887
388698
3119
10884
10804
4049
117581
3889
80326
59067
10161
132884
64375
5429
100270908
81794
4436
10758
10318
55135
79934
7015
150094
121391
91662
3586
10913
5498
367
3135
80129
344462
857
2175
27324
2068
7507
4948
51592
100048912
1290
4286
3852
128178
647121
3860
80736
4276
4792
2294
5687
5168
116935
57514
23765
3559
352961
51752
5663
