5889
51312
578
5010
672
94274
58472
4437
2271
6662
23466
8673
26579
81037
55729
84790
55190
2048
196374
7399
653268
638
3655
11281
27241
675
4978
54535
57531
54790
3231
56169
23301
7490
728484
50805
23512
1499
2255
6928
5820
54796
6582
3817
4254
8082
4841
6580
5892
646255
207
4292
389136
2261
84075
55193
219931
5071
5462
11278
1761
100270871
4477
7337
5728
5925
122525
100271197
6498
430
354
2677
63892
8626
6041
4601
60678
10
8000
10611
1293
157638
4436
100271222
898
79663
100189492
5290
1316
2064
2034
4824
100128390
7428
3709
222546
4968
84925
401237
2263
5630
201163
7015
4233
100271372
253461
4481
80762
60528
3973
11236
10232
999
4609
7054
367
4983
10460
25978
6581
80319
401475
340602
5305
22800
6563
116093
7030
8193
3265
2956
387934
11200
22853
23362
200315
79058
80031
221895
6421
22834
79083
137868
949
391679
83636
402123
595
3232
81848
55214
390218
79887
23405
153572
5546
