112817
90859
100130338
3075
11112
7369
5076
3751
1286
554
2271
26957
4306
5824
23466
8074
3557
1758
4643
1471
1187
4627
6524
5192
55589
5314
116448
254778
11281
6092
525
27241
100270916
4868
4179
6338
57531
58500
493856
5311
7490
100271091
5830
56965
7421
1803
8542
54901
9658
23780
1287
51422
22918
7422
5251
8897
7827
6582
22925
728409
81494
8082
65266
4841
10665
3118
1729
449492
3939
1285
284274
7056
2261
65125
2152
3758
84902
2056
57619
6744
55193
256356
5462
6559
8416
6909
29851
5696
9027
1060
401145
3119
64423
5925
2646
142680
389840
23635
5195
126969
7092
11136
8626
29107
6340
204474
10
6665
6557
8000
23607
7809
359
6337
898
79663
407977
200420
646195
8741
185
2034
7428
3709
8395
4968
57575
84925
100270946
9153
201163
4233
50617
158222
189
81
30011
988
11236
6648
4920
346711
4609
1594
6781
9409
55670
6262
10312
10460
60677
6569
11122
4855
4760
3116
117583
629
23562
7225
7903
5193
3123
3426
353329
286097
760
551
7466
3077
10863
6563
26011
55686
116093
183
7030
340895
403301
6514
1184
28991
3265
5167
23362
9526
200315
100271209
79058
4603
3117
3031
79611
8029
4952
128822
100271317
8661
6421
4257
120227
5972
6519
221416
8671
949
3913
1188
100147821
5828
340024
83636
2628
56311
449493
9380
26281
8504
595
1636
5190
51196
7029
29956
51071
10255
55214
5310
6521
150280
390218
718
80832
5800
5546
