23209
5654
132789
710
1008
267016
11285
7369
54805
217
652
285834
1471
58504
56979
10512
1952
83478
54984
2153
55759
154215
10400
51438
100271506
353007
27436
1277
57608
5294
23294
4089
267015
241
2022
4280
4638
5629
149233
23022
1495
4205
54535
128609
11235
114036
266722
2717
677828
4340
170680
5351
253018
26031
4048
1879
4815
4035
100270844
1281
22882
9445
100270961
5932
4094
4535
203238
83417
889
285600
84722
7917
7048
49855
23302
348
1284
29113
221692
5144
4629
341
729075
337880
4973
2261
65125
54986
84159
10529
6943
3595
170679
100131893
2266
8701
128611
653163
153020
5583
5921
100130239
2243
157708
4538
729816
2565
79659
100130889
65264
5054
6148
51205
3107
100271596
441525
2200
8997
64321
1289
490
80310
2043
646583
4540
27072
170690
347704
51530
8622
6597
3662
6387
6263
351
27063
29761
5308
7809
100271444
201456
81832
7046
80862
5444
353011
57674
25902
59
7247
66037
3565
153090
3431
56996
8613
728553
80036
340198
10743
100270983
11245
7428
23293
100127911
79934
283652
5593
1330
7015
153339
6346
4524
63951
129684
90627
26766
8777
400591
100147745
2212
3586
84898
368
9509
3988
3184
3135
285829
84439
80271
343727
79192
729992
728299
4854
1282
94
8870
10866
8658
3077
6335
3667
28951
3106
183
4541
9037
4018
339761
51128
340351
659
8938
255738
168455
375056
51320
7804
113189
9992
8882
814
780
55973
100048912
1290
4088
3717
4040
387122
353010
79660
2160
7468
283849
100147818
2921
4276
6101
10151
10895
948
1909
1946
2147
6403
472
83605
1874
28
595
1636
2934
5340
51196
401492
55109
116935
10255
100130537
79614
392374
347273
22808
352961
143872
11173
91461
2161
1278
